x,y,species median
1.0,1.0,0.08476851
2.0,2.0,0.40474266
3.0,3.0,9.5905527E-4
4.0,4.0,0.13159747
5.0,5.0,0.09714373
6.0,6.0,3.9104134E-4
7.0,7.0,0.02590818
8.0,8.0,0.009842785
9.0,9.0,0.02686508
10.0,10.0,0.611919
11.0,11.0,0.037029978
12.0,12.0,0.2932283
13.0,13.0,0.018605923
14.0,14.0,0.014079683
15.0,15.0,0.036266293
16.0,16.0,0.455623
17.0,17.0,0.0932998
18.0,18.0,0.022682609
19.0,19.0,0.027318355
20.0,20.0,0.21778618
21.0,21.0,0.24534471
22.0,22.0,0.093598835
23.0,23.0,0.009232761
24.0,24.0,0.0077154813
25.0,25.0,0.42155942
26.0,26.0,5.452837E-4
27.0,27.0,0.275674
28.0,28.0,0.0323183
29.0,29.0,0.009252354
30.0,30.0,0.24706092
31.0,31.0,0.23132452
32.0,32.0,0.030559463
33.0,33.0,0.047492683
34.0,34.0,0.006253939
35.0,35.0,0.33688912
36.0,36.0,0.17131528
37.0,37.0,0.019590523
38.0,38.0,0.24636598
39.0,39.0,0.19760461
40.0,40.0,0.0010450804
41.0,41.0,0.25575647
42.0,42.0,0.06175298
43.0,43.0,0.09537969
44.0,44.0,0.35021868
45.0,45.0,0.20985682
46.0,46.0,0.33718574
47.0,47.0,0.13924325
48.0,48.0,0.15717623
49.0,49.0,0.34967306
50.0,50.0,0.30950037
51.0,51.0,0.066512205
52.0,52.0,9.81791E-4
53.0,53.0,0.66816974
54.0,54.0,1.584983E-4
55.0,55.0,0.33801243
56.0,56.0,0.07803138
57.0,57.0,6.227029E-4
58.0,58.0,0.012391675
59.0,59.0,0.018756151
60.0,60.0,0.026491174
61.0,61.0,4.0683168E-4
62.0,62.0,0.055193666
63.0,63.0,0.024216741
64.0,64.0,0.44697982
65.0,65.0,0.018403385
66.0,66.0,0.028047867
67.0,67.0,0.015503183
68.0,68.0,0.17389946
69.0,69.0,0.021978019
70.0,70.0,0.0034388604
71.0,71.0,0.008798438
72.0,72.0,0.0016934165
73.0,73.0,0.78011066
74.0,74.0,0.04577865
75.0,75.0,0.21012753
76.0,76.0,1.15898634E-4
77.0,77.0,0.7625838
78.0,78.0,0.146462
79.0,79.0,0.021910535
80.0,80.0,0.06086861
81.0,81.0,0.001911734
82.0,82.0,0.15619175
83.0,83.0,0.6347937
84.0,84.0,0.029938808
85.0,85.0,0.022844415
86.0,86.0,0.18334112
87.0,87.0,0.61259663
88.0,88.0,0.7327098
89.0,89.0,0.3324538
90.0,90.0,0.031186603
91.0,91.0,0.06646928
92.0,92.0,0.021720964
93.0,93.0,0.6035939
94.0,94.0,0.018729288
95.0,95.0,0.45198312
96.0,96.0,9.099476E-5
97.0,97.0,0.22404529
98.0,98.0,0.027963744
99.0,99.0,0.047293965
100.0,100.0,0.7522952
101.0,101.0,0.07865513
102.0,102.0,0.25947794
103.0,103.0,0.004442543
104.0,104.0,0.075489424
105.0,105.0,0.30284786
106.0,106.0,0.019727135
107.0,107.0,0.05488127
108.0,108.0,0.22476754
109.0,109.0,0.23528364
110.0,110.0,0.31391713
111.0,111.0,0.21253546
112.0,112.0,0.0053681876
113.0,113.0,0.015282332
114.0,114.0,0.0047637755
115.0,115.0,0.3599741
116.0,116.0,0.013163112
117.0,117.0,0.05654145
118.0,118.0,0.027763436
119.0,119.0,0.7388565
120.0,120.0,0.04319762
121.0,121.0,0.4312965
122.0,122.0,0.018403253
123.0,123.0,1.1093023E-4
124.0,124.0,0.013115958
125.0,125.0,0.30861944
126.0,126.0,0.0035024579
127.0,127.0,0.04144484
128.0,128.0,7.8252744E-4
129.0,129.0,0.1264793
130.0,130.0,0.012011867
131.0,131.0,0.5557444
132.0,132.0,0.057374433
133.0,133.0,0.0030120004
134.0,134.0,0.03693484
135.0,135.0,0.43057978
136.0,136.0,7.44471E-4
137.0,137.0,0.046249807
138.0,138.0,0.08675163
139.0,139.0,0.07778152
140.0,140.0,3.7239646E-4
141.0,141.0,0.008178495
142.0,142.0,0.024835719
143.0,143.0,0.178732
144.0,144.0,0.03857717
145.0,145.0,0.020392867
146.0,146.0,0.276515
147.0,147.0,8.975364E-4
148.0,148.0,0.052127205
149.0,149.0,0.06508156
150.0,150.0,0.26884073
151.0,151.0,0.18057814
152.0,152.0,0.16516596
153.0,153.0,0.16739365
154.0,154.0,0.015840473
155.0,155.0,0.027957393
156.0,156.0,0.0020688267
157.0,157.0,0.044260517
158.0,158.0,0.16963893
159.0,159.0,0.054072376
160.0,160.0,0.19742589
161.0,161.0,0.13005038
162.0,162.0,0.15261254
163.0,163.0,0.082986936
164.0,164.0,0.026368173
165.0,165.0,0.013512341
166.0,166.0,7.7937264E-4
167.0,167.0,0.038140215
168.0,168.0,0.68844485
169.0,169.0,0.25204405
170.0,170.0,0.05600118
171.0,171.0,0.078309625
172.0,172.0,0.20331758
173.0,173.0,0.007943223
174.0,174.0,0.22572306
175.0,175.0,0.010751519
176.0,176.0,3.216985E-4
177.0,177.0,0.03379955
178.0,178.0,0.1552248
179.0,179.0,0.05479024
180.0,180.0,0.018530989
181.0,181.0,0.06014874
182.0,182.0,0.043123715
183.0,183.0,0.34196928
184.0,184.0,0.27266303
185.0,185.0,0.0024942541
186.0,186.0,0.08905267
187.0,187.0,0.15087257
188.0,188.0,0.0051247105
189.0,189.0,0.2680478
190.0,190.0,0.02460314
191.0,191.0,0.17470422
192.0,192.0,0.031935688
193.0,193.0,0.25312176
194.0,194.0,0.04692065
195.0,195.0,0.020189222
196.0,196.0,0.023308713
197.0,197.0,0.13648796
198.0,198.0,0.02534756
199.0,199.0,0.079460435
200.0,200.0,0.005433297
201.0,201.0,0.08389482
202.0,202.0,0.0927922
203.0,203.0,0.005059638
204.0,204.0,0.25871882
205.0,205.0,0.19661182
206.0,206.0,0.039122105
207.0,207.0,0.27718863
208.0,208.0,0.11501681
209.0,209.0,0.002186215
210.0,210.0,0.0029687977
211.0,211.0,0.010720462
212.0,212.0,0.010409386
213.0,213.0,0.010758043
214.0,214.0,0.041043635
215.0,215.0,0.033287436
216.0,216.0,0.025001228
217.0,217.0,0.04298853
218.0,218.0,0.30659413
219.0,219.0,0.2896313
220.0,220.0,0.22482497
221.0,221.0,0.051946085
222.0,222.0,0.14370818
223.0,223.0,0.33286554
224.0,224.0,0.062213924
225.0,225.0,0.35238138
226.0,226.0,0.27150744
227.0,227.0,0.03654534
228.0,228.0,0.057190772
229.0,229.0,0.018059619
230.0,230.0,9.0419984E-4
231.0,231.0,0.47907487
232.0,232.0,0.42889404
233.0,233.0,0.0027941111
234.0,234.0,0.26772985
235.0,235.0,0.32874233
236.0,236.0,0.110664986
237.0,237.0,0.082201734
238.0,238.0,0.024423433
239.0,239.0,0.18666346
240.0,240.0,0.01008634
241.0,241.0,0.038188133
242.0,242.0,0.0029642899
243.0,243.0,0.006792665
244.0,244.0,0.15342267
245.0,245.0,0.116414115
246.0,246.0,0.29640263
247.0,247.0,0.121295445
248.0,248.0,0.17194036
249.0,249.0,0.09204478
250.0,250.0,0.4999288
251.0,251.0,0.019888064
252.0,252.0,0.19980471
253.0,253.0,0.17609191
254.0,254.0,0.06992456
255.0,255.0,0.027819792
256.0,256.0,0.045532387
257.0,257.0,0.0078575965
258.0,258.0,0.0018039903
259.0,259.0,7.229489E-5
260.0,260.0,0.0849242
261.0,261.0,0.43540895
262.0,262.0,0.10146293
263.0,263.0,0.02550205
264.0,264.0,0.0063225585
265.0,265.0,0.007491995
266.0,266.0,0.07461201
267.0,267.0,0.23902158
268.0,268.0,0.025813915
269.0,269.0,0.048027873
270.0,270.0,0.36119547
271.0,271.0,0.038862277
272.0,272.0,0.13508223
273.0,273.0,1.3341497E-4
274.0,274.0,0.17503393
275.0,275.0,0.022840476
276.0,276.0,0.10398639
277.0,277.0,0.003381974
278.0,278.0,0.108452894
279.0,279.0,0.52908844
280.0,280.0,0.019863881
281.0,281.0,0.0050116284
282.0,282.0,0.4019726
283.0,283.0,0.039032504
284.0,284.0,0.7252348
285.0,285.0,0.14574717
286.0,286.0,1.8859262E-5
287.0,287.0,0.008902576
288.0,288.0,0.11114757
289.0,289.0,0.114313446
290.0,290.0,0.041282598
291.0,291.0,0.115388475
292.0,292.0,0.0060034245
293.0,293.0,0.022156682
294.0,294.0,0.25134927
295.0,295.0,0.57347
296.0,296.0,8.4481447E-4
297.0,297.0,0.047065515
298.0,298.0,0.2794888
299.0,299.0,0.07295264
300.0,300.0,0.6166959
301.0,301.0,0.0062728208
302.0,302.0,0.4562915
303.0,303.0,0.0027991338
304.0,304.0,0.031035565
305.0,305.0,0.22020069
306.0,306.0,0.33560866
307.0,307.0,0.014215276
308.0,308.0,0.008133459
309.0,309.0,0.05910984
310.0,310.0,0.0029653753
311.0,311.0,0.34068918
312.0,312.0,0.20121758
313.0,313.0,0.014032086
314.0,314.0,0.008536428
315.0,315.0,0.03586884
316.0,316.0,0.29512545
317.0,317.0,0.06009708
318.0,318.0,0.12978841
319.0,319.0,0.07785464
320.0,320.0,0.22367144
321.0,321.0,0.42727596
322.0,322.0,0.12255795
323.0,323.0,0.23949735
324.0,324.0,0.41039768
325.0,325.0,0.3356041
326.0,326.0,0.002425317
327.0,327.0,0.1921706
328.0,328.0,0.011641604
329.0,329.0,0.03825497
330.0,330.0,0.3260123
331.0,331.0,0.18621065
332.0,332.0,0.0056653614
333.0,333.0,9.4022695E-4
334.0,334.0,0.40060613
335.0,335.0,0.05106229
336.0,336.0,0.20691158
337.0,337.0,0.017137785
338.0,338.0,0.12005064
339.0,339.0,0.28714326
340.0,340.0,3.7567483E-5
341.0,341.0,0.7421666
342.0,342.0,0.23847818
343.0,343.0,0.020473178
344.0,344.0,0.17334759
345.0,345.0,0.16990685
346.0,346.0,0.21938281
347.0,347.0,0.0311666
348.0,348.0,0.007307111
349.0,349.0,0.7060011
350.0,350.0,0.31296617
351.0,351.0,0.033781648
352.0,352.0,0.45639995
353.0,353.0,0.0091142235
354.0,354.0,0.09176446
355.0,355.0,0.052496884
356.0,356.0,0.25328538
357.0,357.0,0.34115717
358.0,358.0,0.036148172
359.0,359.0,0.44823837
360.0,360.0,0.028998787
361.0,361.0,0.079839736
362.0,362.0,8.39333E-5
363.0,363.0,0.04363804
364.0,364.0,0.018666629
365.0,365.0,0.5265601
366.0,366.0,0.011569258
367.0,367.0,0.29854643
368.0,368.0,0.01715899
369.0,369.0,0.48863673
370.0,370.0,0.27229244
371.0,371.0,0.0043865154
372.0,372.0,0.08518609
373.0,373.0,0.0054461327
374.0,374.0,0.5554147
375.0,375.0,0.45267132
376.0,376.0,0.071150206
377.0,377.0,0.08579245
378.0,378.0,0.2532346
379.0,379.0,0.018155273
380.0,380.0,0.022992913
381.0,381.0,0.012432114
382.0,382.0,0.06875256
383.0,383.0,0.046280038
384.0,384.0,0.0117483875
385.0,385.0,0.35142168
386.0,386.0,0.02131273
387.0,387.0,0.12512653
388.0,388.0,1.04212995E-4
389.0,389.0,0.023009863
390.0,390.0,0.04708075
391.0,391.0,0.49781466
392.0,392.0,0.025027208
393.0,393.0,0.068835825
394.0,394.0,0.20092243
395.0,395.0,0.009276823
396.0,396.0,0.010370883
397.0,397.0,0.014426977
398.0,398.0,0.007818468
399.0,399.0,0.009778224
400.0,400.0,0.0072946325
401.0,401.0,0.78186953
402.0,402.0,2.8302866E-5
403.0,403.0,0.025097808
404.0,404.0,0.0015859412
405.0,405.0,0.28143665
406.0,406.0,0.27240515
407.0,407.0,0.23520358
408.0,408.0,0.20159952
409.0,409.0,0.07652266
410.0,410.0,0.09989029
411.0,411.0,0.19932272
412.0,412.0,0.020378372
413.0,413.0,0.20529984
414.0,414.0,0.34613064
415.0,415.0,0.43852058
416.0,416.0,0.018603036
417.0,417.0,0.055355407
418.0,418.0,0.024699308
419.0,419.0,0.023795033
420.0,420.0,0.0030011958
421.0,421.0,0.10371914
422.0,422.0,0.27437437
423.0,423.0,0.008707326
424.0,424.0,0.0998012
425.0,425.0,0.6655567
426.0,426.0,0.19924383
427.0,427.0,0.0647687
428.0,428.0,0.35040113
429.0,429.0,0.07121255
430.0,430.0,0.024363406
431.0,431.0,0.10909232
432.0,432.0,0.2113138
433.0,433.0,0.27684686
434.0,434.0,0.26263684
435.0,435.0,0.35179326
436.0,436.0,0.07288113
437.0,437.0,0.02271305
438.0,438.0,0.0017082546
439.0,439.0,0.1201217
440.0,440.0,0.028540853
441.0,441.0,0.7421906
442.0,442.0,0.1506832
443.0,443.0,0.031045077
444.0,444.0,0.010733047
445.0,445.0,0.0034425613
446.0,446.0,0.14548941
447.0,447.0,0.011505599
448.0,448.0,0.67368996
449.0,449.0,0.051517054
450.0,450.0,8.542348E-5
451.0,451.0,0.010337109
452.0,452.0,0.7157612
453.0,453.0,0.22226946
454.0,454.0,0.03155974
455.0,455.0,0.03074394
456.0,456.0,0.023552824
457.0,457.0,0.026937336
458.0,458.0,0.032990694
459.0,459.0,0.3503163
460.0,460.0,0.024732012
461.0,461.0,0.15159744
462.0,462.0,7.183871E-4
463.0,463.0,0.0424609
464.0,464.0,0.11933596
465.0,465.0,0.1052613
466.0,466.0,0.36793944
467.0,467.0,0.048922613
468.0,468.0,0.008685648
469.0,469.0,0.22662176
470.0,470.0,0.101816095
471.0,471.0,0.42108843
472.0,472.0,0.24245524
473.0,473.0,0.002034058
474.0,474.0,0.19917384
475.0,475.0,0.037639048
476.0,476.0,0.05734374
477.0,477.0,0.02358422
478.0,478.0,0.011897452
479.0,479.0,0.068095095
480.0,480.0,0.13577096
481.0,481.0,0.14025326
482.0,482.0,0.048007585
483.0,483.0,0.49224865
484.0,484.0,0.19982702
485.0,485.0,0.6171848
486.0,486.0,0.85502166
487.0,487.0,2.9062148E-4
488.0,488.0,0.2646795
489.0,489.0,0.30587518
490.0,490.0,0.020782385
491.0,491.0,0.0071337568
492.0,492.0,0.12777701
493.0,493.0,0.061083093
494.0,494.0,0.030206481
495.0,495.0,0.022614637
496.0,496.0,0.0027880087
497.0,497.0,0.002625085
498.0,498.0,0.03994707
499.0,499.0,0.018341731
500.0,500.0,0.055007502
501.0,501.0,0.13546541
502.0,502.0,0.034658115
503.0,503.0,0.27670482
504.0,504.0,0.033350624
505.0,505.0,0.044270497
506.0,506.0,0.43644163
507.0,507.0,0.0077410755
508.0,508.0,0.37532535
509.0,509.0,0.021883933
510.0,510.0,0.5569026
511.0,511.0,0.44502428
512.0,512.0,0.017354848
513.0,513.0,3.294563E-4
514.0,514.0,0.11704202
515.0,515.0,0.5208762
516.0,516.0,2.2496693E-5
517.0,517.0,0.053592775
518.0,518.0,0.7411318
519.0,519.0,0.07188409
520.0,520.0,0.50999033
521.0,521.0,0.017819833
522.0,522.0,0.2119225
523.0,523.0,0.36040947
524.0,524.0,0.26581144
525.0,525.0,0.0037943115
526.0,526.0,8.2971045E-4
527.0,527.0,0.5863532
528.0,528.0,0.028274158
529.0,529.0,0.092978165
530.0,530.0,0.019370804
531.0,531.0,0.11689359
532.0,532.0,0.5339673
533.0,533.0,0.20719093
534.0,534.0,1.844907E-4
535.0,535.0,0.32443106
536.0,536.0,0.17161714
537.0,537.0,7.674106E-4
538.0,538.0,0.42923144
539.0,539.0,0.2523385
540.0,540.0,0.028821522
541.0,541.0,0.037471917
542.0,542.0,0.3772556
543.0,543.0,0.3093099
544.0,544.0,0.006882288
545.0,545.0,0.22205587
546.0,546.0,0.09911445
547.0,547.0,0.031210493
548.0,548.0,0.012800036
549.0,549.0,0.6829439
550.0,550.0,0.2723114
551.0,551.0,0.22788823
552.0,552.0,0.04508419
553.0,553.0,0.007098474
554.0,554.0,0.019191032
555.0,555.0,0.043583382
556.0,556.0,0.6930906
557.0,557.0,0.009282454
558.0,558.0,0.22355023
559.0,559.0,0.831062
560.0,560.0,0.029744027
561.0,561.0,0.20214207
562.0,562.0,0.6822135
563.0,563.0,0.1464631
564.0,564.0,0.008513422
565.0,565.0,7.014211E-4
566.0,566.0,0.14156708
567.0,567.0,0.08786414
568.0,568.0,0.003180971
569.0,569.0,0.024723858
570.0,570.0,0.03995901
571.0,571.0,0.21289434
572.0,572.0,0.028059002
573.0,573.0,0.19179693
574.0,574.0,0.31911173
575.0,575.0,0.052499343
576.0,576.0,0.32650718
577.0,577.0,0.13110045
578.0,578.0,0.0690521
579.0,579.0,7.670949E-5
580.0,580.0,0.028487746
581.0,581.0,0.012191493
582.0,582.0,0.030236099
583.0,583.0,0.078872666
584.0,584.0,0.06406355
585.0,585.0,0.03698301
586.0,586.0,4.0802744E-5
587.0,587.0,0.75231314
588.0,588.0,4.455267E-4
589.0,589.0,0.040020775
590.0,590.0,0.37869594
591.0,591.0,0.36172625
592.0,592.0,0.0045393137
593.0,593.0,0.25729725
594.0,594.0,0.30187282
595.0,595.0,0.0012110821
596.0,596.0,0.1406623
597.0,597.0,0.41374227
598.0,598.0,0.012077157
599.0,599.0,0.018796055
600.0,600.0,0.44440272
601.0,601.0,0.0062448736
602.0,602.0,0.05185989
603.0,603.0,0.2692943
604.0,604.0,0.12935677
605.0,605.0,0.3949003
606.0,606.0,0.003683075
607.0,607.0,0.0070299744
608.0,608.0,0.06808919
609.0,609.0,0.10961012
610.0,610.0,0.048513144
611.0,611.0,0.028283153
612.0,612.0,0.15644887
613.0,613.0,0.0054846634
614.0,614.0,0.0073528667
615.0,615.0,0.04590143
616.0,616.0,0.15799347
617.0,617.0,0.023335772
618.0,618.0,0.37814555
619.0,619.0,0.00195407
620.0,620.0,0.16146098
621.0,621.0,0.013594845
622.0,622.0,0.42436025
623.0,623.0,0.057749595
624.0,624.0,0.11468858
625.0,625.0,0.0051117255
626.0,626.0,0.61143565
627.0,627.0,0.09537484
628.0,628.0,0.044321697
629.0,629.0,0.02509652
630.0,630.0,0.15512194
631.0,631.0,0.0015687111
632.0,632.0,0.23510846
633.0,633.0,0.16614686
634.0,634.0,0.19677643
635.0,635.0,0.0368674
636.0,636.0,7.001222E-4
637.0,637.0,0.04634531
638.0,638.0,0.21629919
639.0,639.0,0.01854868
640.0,640.0,0.05576247
641.0,641.0,0.0090295235
642.0,642.0,0.020953737
643.0,643.0,0.03740274
644.0,644.0,0.10417609
645.0,645.0,0.2721467
646.0,646.0,0.017205827
647.0,647.0,0.07658635
648.0,648.0,1.2762305E-4
649.0,649.0,0.02523344
650.0,650.0,0.09825675
651.0,651.0,0.045997765
652.0,652.0,0.042124785
653.0,653.0,0.04484236
654.0,654.0,0.24685036
655.0,655.0,0.1722447
656.0,656.0,0.25676265
657.0,657.0,0.27863118
658.0,658.0,0.24160014
659.0,659.0,0.004255831
660.0,660.0,0.006673767
661.0,661.0,0.05509497
662.0,662.0,0.32388514
663.0,663.0,0.37185442
664.0,664.0,9.3434006E-4
665.0,665.0,0.010622236
666.0,666.0,0.027417239
667.0,667.0,0.33777124
668.0,668.0,0.0026526134
669.0,669.0,0.5051244
670.0,670.0,0.0011479581
671.0,671.0,0.4143905
672.0,672.0,0.022378957
673.0,673.0,0.0694632
674.0,674.0,0.45556498
675.0,675.0,0.0056944992
676.0,676.0,0.1800448
677.0,677.0,0.003178055
678.0,678.0,0.052772895
679.0,679.0,0.04123861
680.0,680.0,0.24445593
681.0,681.0,0.03756099
682.0,682.0,0.4140447
683.0,683.0,0.002099202
684.0,684.0,0.07865997
685.0,685.0,0.002808414
686.0,686.0,0.055132534
687.0,687.0,0.043118667
688.0,688.0,0.035296388
689.0,689.0,0.05687414
690.0,690.0,0.07099595
691.0,691.0,0.05129225
692.0,692.0,0.30970433
693.0,693.0,0.15560202
694.0,694.0,0.0224592
695.0,695.0,0.017266186
696.0,696.0,0.2184508
697.0,697.0,0.48031437
698.0,698.0,0.0067328736
699.0,699.0,0.007095109
700.0,700.0,0.4215752
701.0,701.0,0.0048235036
702.0,702.0,0.60093635
703.0,703.0,0.04377797
704.0,704.0,0.0109168505
705.0,705.0,0.0385147
706.0,706.0,0.016665503
707.0,707.0,0.014993804
708.0,708.0,0.0039538285
709.0,709.0,0.091014296
710.0,710.0,0.20755802
711.0,711.0,0.061113507
712.0,712.0,0.02229222
713.0,713.0,0.16777916
714.0,714.0,0.019156348
715.0,715.0,0.0010210896
716.0,716.0,0.0060458304
717.0,717.0,0.14820509
718.0,718.0,0.06908632
719.0,719.0,0.0056668413
720.0,720.0,0.04390069
721.0,721.0,0.033004068
722.0,722.0,0.03878707
723.0,723.0,0.2628406
724.0,724.0,8.881836E-5
725.0,725.0,0.71886706
726.0,726.0,0.06080863
727.0,727.0,0.061485656
728.0,728.0,0.047900487
729.0,729.0,0.007370239
730.0,730.0,0.15402994
731.0,731.0,0.37788084
732.0,732.0,0.35414183
733.0,733.0,9.255609E-5
734.0,734.0,0.10707267
735.0,735.0,0.0051341853
736.0,736.0,0.107690364
737.0,737.0,0.045806754
738.0,738.0,5.535234E-4
739.0,739.0,0.08462169
740.0,740.0,0.14024547
741.0,741.0,0.00215521
742.0,742.0,0.19989762
743.0,743.0,0.21611552
744.0,744.0,0.24948113
745.0,745.0,0.16623431
746.0,746.0,0.045419756
747.0,747.0,0.12933536
748.0,748.0,0.017727239
749.0,749.0,0.1555884
750.0,750.0,0.078275286
751.0,751.0,0.34385264
752.0,752.0,0.1451096
753.0,753.0,0.030942598
754.0,754.0,0.06368553
755.0,755.0,0.03401996
756.0,756.0,0.54055554
757.0,757.0,0.15522958
758.0,758.0,0.009844162
759.0,759.0,0.6867631
760.0,760.0,0.06807208
761.0,761.0,0.33842483
762.0,762.0,0.0024715248
763.0,763.0,0.28532812
764.0,764.0,0.091643274
765.0,765.0,1.4899815E-5
766.0,766.0,0.067393206
767.0,767.0,0.6971787
768.0,768.0,0.002720563
769.0,769.0,0.008200996
770.0,770.0,4.3510707E-4
771.0,771.0,0.058831714
772.0,772.0,0.06606032
773.0,773.0,0.2666256
774.0,774.0,0.07740025
775.0,775.0,0.40727118
776.0,776.0,0.0033510267
777.0,777.0,0.054187305
778.0,778.0,0.4820654
779.0,779.0,0.03143655
780.0,780.0,0.036248334
781.0,781.0,0.26028726
782.0,782.0,0.04176095
783.0,783.0,0.007242634
784.0,784.0,0.20419055
785.0,785.0,0.022829227
786.0,786.0,0.037401076
787.0,787.0,0.040076256
788.0,788.0,0.10950805
789.0,789.0,0.097241536
790.0,790.0,0.18289621
791.0,791.0,0.80833113
792.0,792.0,4.017206E-5
793.0,793.0,0.04462217
794.0,794.0,0.045663062
795.0,795.0,0.011835748
796.0,796.0,0.21918738
797.0,797.0,0.023284018
798.0,798.0,0.05797816
799.0,799.0,0.021778889
800.0,800.0,0.005190025
801.0,801.0,0.3680334
802.0,802.0,0.3212951
803.0,803.0,0.04851362
804.0,804.0,0.17833598
805.0,805.0,0.0067438623
806.0,806.0,0.1961098
807.0,807.0,0.09603029
808.0,808.0,0.21980143
809.0,809.0,0.06178932
810.0,810.0,0.0606497
811.0,811.0,0.0048959088
812.0,812.0,6.4190745E-4
813.0,813.0,0.0052369004
814.0,814.0,2.9705465E-5
815.0,815.0,0.0023738223
816.0,816.0,0.018569231
817.0,817.0,0.011067889
818.0,818.0,0.29248688
819.0,819.0,0.04757796
820.0,820.0,0.039111752
821.0,821.0,0.027653236
822.0,822.0,9.956971E-4
823.0,823.0,0.0016882581
824.0,824.0,0.009877827
825.0,825.0,0.34598666
826.0,826.0,0.0046121506
827.0,827.0,0.09102847
828.0,828.0,0.04395845
829.0,829.0,0.31682992
830.0,830.0,0.04665531
831.0,831.0,0.45962512
832.0,832.0,0.65130377
833.0,833.0,8.868136E-4
834.0,834.0,0.013494506
835.0,835.0,0.18151677
836.0,836.0,0.012312923
837.0,837.0,3.1491247E-4
838.0,838.0,0.45091888
839.0,839.0,0.026518645
840.0,840.0,0.1217918
841.0,841.0,0.110925265
842.0,842.0,0.65270364
843.0,843.0,0.010683348
844.0,844.0,0.027773835
845.0,845.0,0.0139340125
846.0,846.0,0.033010807
847.0,847.0,0.06963857
848.0,848.0,0.36032218
849.0,849.0,0.05028361
850.0,850.0,0.0042330665
851.0,851.0,0.067970656
852.0,852.0,0.7016332
853.0,853.0,0.04300695
854.0,854.0,0.2819437
855.0,855.0,0.20569468
856.0,856.0,0.14518225
857.0,857.0,0.30209765
858.0,858.0,0.01480978
859.0,859.0,0.088836655
860.0,860.0,0.30801708
861.0,861.0,0.36648238
862.0,862.0,0.004673383
863.0,863.0,0.00868497
864.0,864.0,0.08542614
865.0,865.0,0.028753083
866.0,866.0,0.3946948
867.0,867.0,0.07268602
868.0,868.0,0.20318843
869.0,869.0,0.06559692
870.0,870.0,0.11477936
871.0,871.0,0.48672038
872.0,872.0,0.0023338557
873.0,873.0,0.010298151
874.0,874.0,0.3191055
875.0,875.0,5.8093836E-4
876.0,876.0,0.18820566
877.0,877.0,0.052860722
878.0,878.0,0.08948482
879.0,879.0,0.31763914
880.0,880.0,0.23375227
881.0,881.0,0.47734517
882.0,882.0,0.17648122
883.0,883.0,0.013030175
884.0,884.0,0.034470137
885.0,885.0,0.15792574
886.0,886.0,0.03439186
887.0,887.0,0.056104988
888.0,888.0,0.004969741
889.0,889.0,0.012736978
890.0,890.0,0.22710174
891.0,891.0,0.06899067
892.0,892.0,0.15898119
893.0,893.0,0.42667353
894.0,894.0,0.16673346
895.0,895.0,0.41214946
896.0,896.0,0.0020661105
897.0,897.0,0.010401516
898.0,898.0,0.3658902
899.0,899.0,0.06721976
900.0,900.0,0.36309993
901.0,901.0,0.009089017
902.0,902.0,0.019464219
903.0,903.0,0.18677612
904.0,904.0,0.003410389
905.0,905.0,0.048795376
906.0,906.0,0.39315787
907.0,907.0,0.0025162436
908.0,908.0,0.025051983
909.0,909.0,0.011094613
910.0,910.0,0.30895936
911.0,911.0,0.08119123
912.0,912.0,0.018472163
913.0,913.0,0.5155626
914.0,914.0,0.0065720743
915.0,915.0,0.028611155
916.0,916.0,0.5463372
917.0,917.0,0.10761295
918.0,918.0,0.04959076
919.0,919.0,0.3935127
920.0,920.0,0.41250727
921.0,921.0,0.04372755
922.0,922.0,0.27387238
923.0,923.0,0.0038164884
924.0,924.0,0.19055241
925.0,925.0,0.05343539
926.0,926.0,0.0038982832
927.0,927.0,0.0011687125
928.0,928.0,0.05282945
929.0,929.0,4.087036E-5
930.0,930.0,0.10705403
931.0,931.0,0.27463567
932.0,932.0,0.01518212
933.0,933.0,0.30850324
934.0,934.0,0.010091526
935.0,935.0,0.034254953
936.0,936.0,0.09062583
937.0,937.0,0.39945704
938.0,938.0,0.18594617
939.0,939.0,0.030500267
940.0,940.0,0.051522125
941.0,941.0,0.2893503
942.0,942.0,9.932868E-5
943.0,943.0,0.7484279
944.0,944.0,0.022152495
945.0,945.0,0.07375844
946.0,946.0,0.010989707
947.0,947.0,0.017925948
948.0,948.0,0.0023508498
949.0,949.0,0.09811163
950.0,950.0,9.438808E-4
951.0,951.0,0.06871118
952.0,952.0,0.49471298
953.0,953.0,0.045019034
954.0,954.0,0.1651077
955.0,955.0,3.0836015E-4
956.0,956.0,0.018064098
957.0,957.0,0.003921363
958.0,958.0,0.38018757
959.0,959.0,0.0025364768
960.0,960.0,6.581288E-4
961.0,961.0,0.007098562
962.0,962.0,0.013858692
963.0,963.0,0.0065300376
964.0,964.0,0.2547271
965.0,965.0,0.1118531
966.0,966.0,0.28122947
967.0,967.0,0.68588924
968.0,968.0,0.02123038
969.0,969.0,0.25428405
970.0,970.0,0.13119137
971.0,971.0,0.030522684
972.0,972.0,0.05640321
973.0,973.0,0.10523094
974.0,974.0,0.4972798
975.0,975.0,0.17885669
976.0,976.0,0.013576655
977.0,977.0,0.022945356
978.0,978.0,0.20266709
979.0,979.0,0.0034879844
980.0,980.0,0.21283843
981.0,981.0,0.060344994
982.0,982.0,4.8414414E-4
983.0,983.0,0.26203582
984.0,984.0,0.4288153
985.0,985.0,0.005340754
986.0,986.0,0.40874606
987.0,987.0,0.00467137
988.0,988.0,0.1048291
989.0,989.0,0.056694705
990.0,990.0,0.12802438
991.0,991.0,0.20182885
992.0,992.0,0.0061653242
993.0,993.0,0.09955484
994.0,994.0,0.010139714
995.0,995.0,0.64142257
996.0,996.0,0.0013583433
997.0,997.0,0.5492429
998.0,998.0,8.544711E-4
999.0,999.0,0.039163172
1000.0,1000.0,0.5209314
1001.0,1001.0,0.0084226625
1002.0,1002.0,0.04510278
1003.0,1003.0,0.17477259
1004.0,1004.0,0.32230964
1005.0,1005.0,0.30697587
1006.0,1006.0,0.0042703548
1007.0,1007.0,0.024816073
1008.0,1008.0,0.020936983
1009.0,1009.0,0.0048089004
1010.0,1010.0,0.05946209
1011.0,1011.0,0.050447855
1012.0,1012.0,0.33347368
1013.0,1013.0,0.2168781
1014.0,1014.0,0.03133821
1015.0,1015.0,0.21263908
1016.0,1016.0,0.025176575
1017.0,1017.0,0.0031742027
1018.0,1018.0,0.016669704
1019.0,1019.0,0.32792968
1020.0,1020.0,0.033902783
1021.0,1021.0,0.005660577
1022.0,1022.0,0.015344472
1023.0,1023.0,0.019163817
1024.0,1024.0,6.467453E-4
1025.0,1025.0,0.37063238
1026.0,1026.0,0.27811828
1027.0,1027.0,0.033643294
1028.0,1028.0,0.15702382
1029.0,1029.0,0.011601046
1030.0,1030.0,0.25033885
1031.0,1031.0,0.022480255
1032.0,1032.0,0.07347469
1033.0,1033.0,0.0034826756
1034.0,1034.0,0.36840552
1035.0,1035.0,0.0063043386
1036.0,1036.0,0.058420584
1037.0,1037.0,0.4521863
1038.0,1038.0,0.031373687
1039.0,1039.0,0.13217308
1040.0,1040.0,0.0070615974
1041.0,1041.0,0.21827762
1042.0,1042.0,0.29808733
1043.0,1043.0,0.55955684
1044.0,1044.0,0.0030624554
1045.0,1045.0,0.4281829
1046.0,1046.0,0.0030094855
1047.0,1047.0,0.075031586
1048.0,1048.0,0.015539194
1049.0,1049.0,0.012740641
1050.0,1050.0,0.015095993
1051.0,1051.0,0.6180636
1052.0,1052.0,0.3831234
1053.0,1053.0,0.0145571325
1054.0,1054.0,0.037400115
1055.0,1055.0,0.57138044
1056.0,1056.0,8.9735986E-4
1057.0,1057.0,0.030124092
1058.0,1058.0,0.06731901
1059.0,1059.0,0.0026508016
1060.0,1060.0,0.22744066
1061.0,1061.0,0.0095416205
1062.0,1062.0,0.05252518
1063.0,1063.0,0.671706
1064.0,1064.0,0.16243012
1065.0,1065.0,0.20627137
1066.0,1066.0,0.0064553153
1067.0,1067.0,0.05939837
1068.0,1068.0,0.056220096
1069.0,1069.0,0.17193328
1070.0,1070.0,0.005242729
1071.0,1071.0,0.2067891
1072.0,1072.0,7.059253E-4
1073.0,1073.0,0.032937326
1074.0,1074.0,0.07545067
1075.0,1075.0,0.48255706
1076.0,1076.0,0.12115733
1077.0,1077.0,4.4902292E-5
1078.0,1078.0,0.07951026
1079.0,1079.0,0.003916493
1080.0,1080.0,0.2367079
1081.0,1081.0,0.036685027
1082.0,1082.0,9.0052934E-5
1083.0,1083.0,0.04185752
1084.0,1084.0,0.3172449
1085.0,1085.0,0.07193007
1086.0,1086.0,0.2359178
1087.0,1087.0,0.053657796
1088.0,1088.0,0.046459127
1089.0,1089.0,0.30602285
1090.0,1090.0,0.025374811
1091.0,1091.0,0.068877004
1092.0,1092.0,0.3438642
1093.0,1093.0,0.06454679
1094.0,1094.0,0.10823356
1095.0,1095.0,0.005542906
1096.0,1096.0,0.24988325
1097.0,1097.0,0.3775136
1098.0,1098.0,0.017708875
1099.0,1099.0,0.043129403
1100.0,1100.0,0.4002279
1101.0,1101.0,0.007541981
1102.0,1102.0,0.019818623
1103.0,1103.0,0.10298083
1104.0,1104.0,0.035397846
1105.0,1105.0,0.14170893
1106.0,1106.0,0.07323872
1107.0,1107.0,0.4365137
1108.0,1108.0,0.31597286
1109.0,1109.0,0.058611955
1110.0,1110.0,0.008449584
1111.0,1111.0,0.16274549
1112.0,1112.0,0.013205109
1113.0,1113.0,0.16512232
1114.0,1114.0,0.47651005
1115.0,1115.0,0.045438424
1116.0,1116.0,2.8002145E-5
1117.0,1117.0,0.44176668
1118.0,1118.0,0.24762858
1119.0,1119.0,0.0049370513
1120.0,1120.0,5.3629506E-4
1121.0,1121.0,0.72421354
1122.0,1122.0,0.48353702
1123.0,1123.0,0.012428822
1124.0,1124.0,0.051874366
1125.0,1125.0,0.1949225
1126.0,1126.0,0.3388769
1127.0,1127.0,0.12500274
1128.0,1128.0,0.14449343
1129.0,1129.0,0.050473876
1130.0,1130.0,0.450632
1131.0,1131.0,0.0109384
1132.0,1132.0,0.003458682
1133.0,1133.0,0.0055703185
1134.0,1134.0,0.006642329
1135.0,1135.0,0.12947623
1136.0,1136.0,0.15560411
1137.0,1137.0,0.04227482
1138.0,1138.0,0.13602681
1139.0,1139.0,0.014522587
1140.0,1140.0,0.49648112
1141.0,1141.0,0.23324804
1142.0,1142.0,0.0049186037
1143.0,1143.0,0.0026403817
1144.0,1144.0,0.006514688
1145.0,1145.0,0.0035131653
1146.0,1146.0,0.019318217
1147.0,1147.0,0.033087034
1148.0,1148.0,0.0122432895
1149.0,1149.0,0.0195901
1150.0,1150.0,0.32012084
1151.0,1151.0,0.005930211
1152.0,1152.0,2.6590678E-5
1153.0,1153.0,0.010943871
1154.0,1154.0,0.027913835
1155.0,1155.0,0.4302318
1156.0,1156.0,0.0033655243
1157.0,1157.0,0.44932547
1158.0,1158.0,0.069199085
1159.0,1159.0,0.6318657
1160.0,1160.0,0.0050764503
1161.0,1161.0,0.19851649
1162.0,1162.0,0.053565674
1163.0,1163.0,0.19345456
1164.0,1164.0,0.035568193
1165.0,1165.0,0.17655537
1166.0,1166.0,0.45803946
1167.0,1167.0,0.37518537
1168.0,1168.0,0.17064236
1169.0,1169.0,0.005782803
1170.0,1170.0,0.053933978
1171.0,1171.0,0.07700563
1172.0,1172.0,0.4347565
1173.0,1173.0,0.139984
1174.0,1174.0,0.0032029632
1175.0,1175.0,0.004683503
1176.0,1176.0,0.0701655
1177.0,1177.0,0.097195916
1178.0,1178.0,0.070327386
1179.0,1179.0,0.504475
1180.0,1180.0,0.44066557
1181.0,1181.0,0.06479559
1182.0,1182.0,0.501862
1183.0,1183.0,0.019929895
1184.0,1184.0,0.15736616
1185.0,1185.0,0.26681802
1186.0,1186.0,0.043920178
1187.0,1187.0,0.38641742
1188.0,1188.0,0.042590246
1189.0,1189.0,0.62064964
1190.0,1190.0,0.09293412
1191.0,1191.0,0.0062638973
1192.0,1192.0,0.0072810035
1193.0,1193.0,0.0016479489
1194.0,1194.0,0.4365541
1195.0,1195.0,0.42702118
1196.0,1196.0,0.21355303
1197.0,1197.0,0.043209564
1198.0,1198.0,0.012059597
1199.0,1199.0,0.0030020596
1200.0,1200.0,0.00797791
1201.0,1201.0,0.21774402
1202.0,1202.0,0.017386377
1203.0,1203.0,0.074205875
1204.0,1204.0,0.09495164
1205.0,1205.0,0.0037634566
1206.0,1206.0,0.03546818
1207.0,1207.0,0.29520705
1208.0,1208.0,0.18534993
1209.0,1209.0,0.50521445
1210.0,1210.0,0.32427537
1211.0,1211.0,0.09015097
1212.0,1212.0,0.045120742
1213.0,1213.0,0.026577594
1214.0,1214.0,0.0058656773
1215.0,1215.0,0.05857363
1216.0,1216.0,0.019276198
1217.0,1217.0,0.11367671
1218.0,1218.0,0.10183481
1219.0,1219.0,0.034274597
1220.0,1220.0,0.069452345
1221.0,1221.0,0.16550161
1222.0,1222.0,0.010841115
1223.0,1223.0,0.26905388
1224.0,1224.0,0.0029623925
1225.0,1225.0,0.003348726
1226.0,1226.0,0.009614772
1227.0,1227.0,0.42365447
1228.0,1228.0,0.32319432
1229.0,1229.0,0.05694066
1230.0,1230.0,0.040212996
1231.0,1231.0,0.49639663
1232.0,1232.0,0.1330885
1233.0,1233.0,0.0049546724
1234.0,1234.0,0.05701539
1235.0,1235.0,0.27446726
1236.0,1236.0,0.027536754
1237.0,1237.0,0.124668956
1238.0,1238.0,0.3843764
1239.0,1239.0,0.19217648
1240.0,1240.0,0.04788534
1241.0,1241.0,0.008002165
1242.0,1242.0,0.037822146
1243.0,1243.0,0.04474084
1244.0,1244.0,0.2580741
1245.0,1245.0,0.15974905
1246.0,1246.0,0.017735504
1247.0,1247.0,0.024070688
1248.0,1248.0,0.020264
1249.0,1249.0,0.019352501
1250.0,1250.0,0.013896997
1251.0,1251.0,0.009985906
1252.0,1252.0,0.07482548
1253.0,1253.0,0.15311833
1254.0,1254.0,0.0027837746
1255.0,1255.0,0.3248541
1256.0,1256.0,0.43654075
1257.0,1257.0,9.3739916E-4
1258.0,1258.0,0.04222544
1259.0,1259.0,0.042052336
1260.0,1260.0,0.0016169918
1261.0,1261.0,0.03422861
1262.0,1262.0,0.40403566
1263.0,1263.0,0.40331855
1264.0,1264.0,0.11130424
1265.0,1265.0,0.005594819
1266.0,1266.0,0.029859507
1267.0,1267.0,0.124358974
1268.0,1268.0,0.03533887
1269.0,1269.0,0.011284795
1270.0,1270.0,0.024035867
1271.0,1271.0,0.02187919
1272.0,1272.0,0.691066
1273.0,1273.0,0.0077841883
1274.0,1274.0,0.024328694
1275.0,1275.0,0.16973896
1276.0,1276.0,0.10124282
1277.0,1277.0,3.4893578E-4
1278.0,1278.0,0.19469419
1279.0,1279.0,0.04036796
1280.0,1280.0,0.007324996
1281.0,1281.0,7.7774504E-4
1282.0,1282.0,0.010384438
1283.0,1283.0,0.03874931
1284.0,1284.0,0.7560338
1285.0,1285.0,0.087144315
1286.0,1286.0,0.07860594
1287.0,1287.0,0.0039068894
1288.0,1288.0,0.010756899
1289.0,1289.0,0.33791277
1290.0,1290.0,0.320907
1291.0,1291.0,0.025802832
1292.0,1292.0,0.03904147
1293.0,1293.0,0.05976116
1294.0,1294.0,0.110085644
1295.0,1295.0,0.016693698
1296.0,1296.0,0.1955173
1297.0,1297.0,0.05597756
1298.0,1298.0,0.028534962
1299.0,1299.0,0.17142516
1300.0,1300.0,0.003395967
1301.0,1301.0,0.13934657
1302.0,1302.0,0.07344712
1303.0,1303.0,7.9114706E-4
1304.0,1304.0,0.16670774
1305.0,1305.0,0.04039857
1306.0,1306.0,0.0012106892
1307.0,1307.0,0.22926289
1308.0,1308.0,0.0033766006
1309.0,1309.0,0.35868344
1310.0,1310.0,0.11157607
1311.0,1311.0,0.001407158
1312.0,1312.0,0.00614753
1313.0,1313.0,0.30157986
1314.0,1314.0,0.13608973
1315.0,1315.0,0.04302593
1316.0,1316.0,1.03865474E-4
1317.0,1317.0,0.12553954
1318.0,1318.0,0.009942213
1319.0,1319.0,0.33071807
1320.0,1320.0,0.012742448
1321.0,1321.0,0.051541798
1322.0,1322.0,0.05135922
1323.0,1323.0,0.5865905
1324.0,1324.0,0.23093127
1325.0,1325.0,0.26113188
1326.0,1326.0,0.036595434
1327.0,1327.0,0.013019433
1328.0,1328.0,0.050018575
1329.0,1329.0,0.0025034854
1330.0,1330.0,0.5594166
1331.0,1331.0,0.036512047
1332.0,1332.0,0.045036394
1333.0,1333.0,0.12649474
1334.0,1334.0,0.037036683
1335.0,1335.0,0.029402692
1336.0,1336.0,0.022395225
1337.0,1337.0,1.8826617E-4
1338.0,1338.0,0.031002121
1339.0,1339.0,0.440836
1340.0,1340.0,0.6869182
1341.0,1341.0,0.3408629
1342.0,1342.0,0.0045554093
1343.0,1343.0,0.050349534
1344.0,1344.0,0.4978382
1345.0,1345.0,0.027709547
1346.0,1346.0,0.0012757077
1347.0,1347.0,7.4979995E-4
1348.0,1348.0,0.053816926
1349.0,1349.0,0.043631777
1350.0,1350.0,0.6674795
1351.0,1351.0,0.010392385
1352.0,1352.0,0.40096796
1353.0,1353.0,0.0058879657
1354.0,1354.0,0.04709968
1355.0,1355.0,0.03617969
1356.0,1356.0,0.05746735
1357.0,1357.0,0.18918036
1358.0,1358.0,0.49732915
1359.0,1359.0,0.023968011
1360.0,1360.0,0.002040239
1361.0,1361.0,0.1217482
1362.0,1362.0,0.109716475
1363.0,1363.0,0.006748792
1364.0,1364.0,0.0374815
1365.0,1365.0,6.4188655E-4
1366.0,1366.0,0.6402838
1367.0,1367.0,0.0030111359
1368.0,1368.0,0.062498637
1369.0,1369.0,0.040619895
1370.0,1370.0,0.37089777
1371.0,1371.0,9.877016E-4
1372.0,1372.0,0.0015369954
1373.0,1373.0,0.057697065
1374.0,1374.0,0.2484855
1375.0,1375.0,0.039910812
1376.0,1376.0,0.20531443
1377.0,1377.0,0.008664725
1378.0,1378.0,0.003739569
1379.0,1379.0,7.969946E-4
1380.0,1380.0,0.06355376
1381.0,1381.0,0.021136137
1382.0,1382.0,0.08221856
1383.0,1383.0,0.0031398195
1384.0,1384.0,0.0765504
1385.0,1385.0,0.018072017
1386.0,1386.0,0.029067699
1387.0,1387.0,0.033259805
1388.0,1388.0,0.0073034614
1389.0,1389.0,0.4063188
1390.0,1390.0,0.16291659
1391.0,1391.0,0.11349323
1392.0,1392.0,0.4975262
1393.0,1393.0,0.004270673
1394.0,1394.0,0.053265642
1395.0,1395.0,0.08244139
1396.0,1396.0,0.12562673
1397.0,1397.0,0.15265237
1398.0,1398.0,0.24973223
1399.0,1399.0,0.15937749
1400.0,1400.0,0.03774922
1401.0,1401.0,0.1117945
1402.0,1402.0,0.049967997
1403.0,1403.0,0.13698049
1404.0,1404.0,0.36658305
1405.0,1405.0,0.12345954
1406.0,1406.0,0.025049873
1407.0,1407.0,0.3134285
1408.0,1408.0,0.06418098
1409.0,1409.0,0.12149615
1410.0,1410.0,0.02389884
1411.0,1411.0,0.27501956
1412.0,1412.0,0.034691267
1413.0,1413.0,0.11633042
1414.0,1414.0,0.013645936
1415.0,1415.0,0.04487433
1416.0,1416.0,0.6146979
1417.0,1417.0,0.0382326
1418.0,1418.0,0.047917772
1419.0,1419.0,0.31892377
1420.0,1420.0,0.4013829
1421.0,1421.0,0.13215335
1422.0,1422.0,0.57705164
1423.0,1423.0,0.08541246
1424.0,1424.0,0.0037571904
1425.0,1425.0,0.32861155
1426.0,1426.0,0.0605054
1427.0,1427.0,0.04533686
1428.0,1428.0,0.58857477
1429.0,1429.0,0.28859773
1430.0,1430.0,0.21951212
1431.0,1431.0,0.06392799
1432.0,1432.0,0.0030067873
1433.0,1433.0,0.63110673
1434.0,1434.0,0.13873836
1435.0,1435.0,1.14936105E-4
1436.0,1436.0,0.75238043
1437.0,1437.0,0.4759535
1438.0,1438.0,0.26642793
1439.0,1439.0,0.05831591
1440.0,1440.0,0.19857438
1441.0,1441.0,0.009087681
1442.0,1442.0,0.00893377
1443.0,1443.0,0.29657856
1444.0,1444.0,0.41432932
1445.0,1445.0,0.010967436
1446.0,1446.0,0.010436712
1447.0,1447.0,0.0974706
1448.0,1448.0,0.0027822428
1449.0,1449.0,0.057215314
1450.0,1450.0,0.05802235
1451.0,1451.0,0.29460916
1452.0,1452.0,0.024848767
1453.0,1453.0,0.1589308
1454.0,1454.0,0.26692557
1455.0,1455.0,0.30708903
1456.0,1456.0,0.0024200068
1457.0,1457.0,0.10795527
1458.0,1458.0,0.0067356117
1459.0,1459.0,0.10524048
1460.0,1460.0,0.002733658
1461.0,1461.0,0.05102221
1462.0,1462.0,0.025232473
1463.0,1463.0,0.0030604473
1464.0,1464.0,0.47019842
1465.0,1465.0,0.5878597
1466.0,1466.0,0.033229098
1467.0,1467.0,0.030792592
1468.0,1468.0,0.52102864
1469.0,1469.0,0.006705788
1470.0,1470.0,0.0065596257
1471.0,1471.0,0.77982324
1472.0,1472.0,0.10404153
1473.0,1473.0,0.582022
1474.0,1474.0,0.036058042
1475.0,1475.0,0.0027762728
1476.0,1476.0,0.7034683
1477.0,1477.0,8.944964E-5
1478.0,1478.0,0.020773869
1479.0,1479.0,0.0025185575
1480.0,1480.0,0.03935929
1481.0,1481.0,0.0073770974
1482.0,1482.0,0.8037448
1483.0,1483.0,0.6729922
1484.0,1484.0,0.005292604
1485.0,1485.0,0.2939231
1486.0,1486.0,0.002115813
1487.0,1487.0,0.13914567
1488.0,1488.0,9.28521E-4
1489.0,1489.0,0.013638653
1490.0,1490.0,0.010260272
1491.0,1491.0,0.061932676
1492.0,1492.0,0.082313426
1493.0,1493.0,7.2899E-5
1494.0,1494.0,0.036160868
1495.0,1495.0,0.30464324
1496.0,1496.0,0.008354586
1497.0,1497.0,0.30807003
1498.0,1498.0,0.24453993
1499.0,1499.0,3.6733187E-4
1500.0,1500.0,0.08483832
1501.0,1501.0,0.39128056
1502.0,1502.0,0.18666261
1503.0,1503.0,0.02179149
1504.0,1504.0,0.023402479
1505.0,1505.0,0.024287486
1506.0,1506.0,0.09392686
1507.0,1507.0,0.0045947703
1508.0,1508.0,0.040000897
1509.0,1509.0,0.252921
1510.0,1510.0,3.827384E-4
1511.0,1511.0,0.029622141
1512.0,1512.0,0.064404614
1513.0,1513.0,0.018011525
1514.0,1514.0,0.27636895
1515.0,1515.0,0.24535489
1516.0,1516.0,0.50570923
1517.0,1517.0,0.0051087067
1518.0,1518.0,0.68017006
1519.0,1519.0,0.13094263
1520.0,1520.0,0.50856847
1521.0,1521.0,0.19123444
1522.0,1522.0,0.35298318
1523.0,1523.0,0.002956605
1524.0,1524.0,0.13610229
1525.0,1525.0,0.43493274
1526.0,1526.0,0.26219332
1527.0,1527.0,0.17294687
1528.0,1528.0,0.18557699
1529.0,1529.0,0.038605116
1530.0,1530.0,0.012104132
1531.0,1531.0,0.02373995
1532.0,1532.0,0.12364977
1533.0,1533.0,0.037500307
1534.0,1534.0,0.0069829477
1535.0,1535.0,0.026122134
1536.0,1536.0,0.3238078
1537.0,1537.0,0.09579116
1538.0,1538.0,0.0028737176
1539.0,1539.0,0.04456651
1540.0,1540.0,0.023247186
1541.0,1541.0,0.058076646
1542.0,1542.0,0.109703794
1543.0,1543.0,0.3938974
1544.0,1544.0,0.1118826
1545.0,1545.0,0.0027862168
1546.0,1546.0,0.43420148
1547.0,1547.0,0.4742595
1548.0,1548.0,0.4635562
1549.0,1549.0,0.02200504
1550.0,1550.0,0.039555278
1551.0,1551.0,0.3132013
1552.0,1552.0,0.14820994
1553.0,1553.0,0.29024503
1554.0,1554.0,0.041857373
1555.0,1555.0,0.11284653
1556.0,1556.0,0.05582402
1557.0,1557.0,0.18004584
1558.0,1558.0,0.25767142
1559.0,1559.0,0.06596968
1560.0,1560.0,0.36698258
1561.0,1561.0,0.20092647
1562.0,1562.0,0.0035286683
1563.0,1563.0,0.70432276
1564.0,1564.0,0.00285279
1565.0,1565.0,0.05617951
1566.0,1566.0,0.0018356884
1567.0,1567.0,0.08280721
1568.0,1568.0,0.7031386
1569.0,1569.0,0.21314567
1570.0,1570.0,0.043638445
1571.0,1571.0,0.8553892
1572.0,1572.0,0.0029471316
1573.0,1573.0,0.2786233
1574.0,1574.0,0.22245117
1575.0,1575.0,0.009351256
1576.0,1576.0,0.0058944104
1577.0,1577.0,0.31903693
1578.0,1578.0,0.17827903
1579.0,1579.0,0.010707356
1580.0,1580.0,0.05262777
1581.0,1581.0,0.044640325
1582.0,1582.0,0.22139373
1583.0,1583.0,0.04478167
1584.0,1584.0,0.0662033
1585.0,1585.0,0.44663373
1586.0,1586.0,0.15873241
1587.0,1587.0,0.048973516
1588.0,1588.0,0.010070522
1589.0,1589.0,0.048959095
1590.0,1590.0,0.04335805
1591.0,1591.0,0.11863452
1592.0,1592.0,0.039674636
1593.0,1593.0,0.016859055
1594.0,1594.0,0.12836519
1595.0,1595.0,0.28706378
1596.0,1596.0,1.0351049E-4
1597.0,1597.0,0.027570587
1598.0,1598.0,0.10217688
1599.0,1599.0,0.069207855
1600.0,1600.0,0.0206224
1601.0,1601.0,0.29355022
1602.0,1602.0,0.0116914455
1603.0,1603.0,0.032319605
1604.0,1604.0,0.032883648
1605.0,1605.0,0.044758793
1606.0,1606.0,0.037778053
1607.0,1607.0,0.022853144
1608.0,1608.0,0.004590447
1609.0,1609.0,0.3424452
1610.0,1610.0,0.017609365
1611.0,1611.0,0.01337352
1612.0,1612.0,4.6086112E-5
1613.0,1613.0,0.0036575908
1614.0,1614.0,0.030235285
1615.0,1615.0,0.104847714
1616.0,1616.0,0.2075159
1617.0,1617.0,1.01725986E-4
1618.0,1618.0,5.2220566E-4
1619.0,1619.0,0.6358111
1620.0,1620.0,0.08308382
1621.0,1621.0,0.13225698
1622.0,1622.0,0.2575961
1623.0,1623.0,0.002690681
1624.0,1624.0,0.009314801
1625.0,1625.0,0.16890998
1626.0,1626.0,0.14949542
1627.0,1627.0,0.04812612
1628.0,1628.0,0.18802717
1629.0,1629.0,0.22229613
1630.0,1630.0,0.19232386
1631.0,1631.0,0.0054164757
1632.0,1632.0,0.013043504
1633.0,1633.0,0.034823883
1634.0,1634.0,0.07310216
1635.0,1635.0,0.02264686
1636.0,1636.0,0.573995
1637.0,1637.0,0.2272273
1638.0,1638.0,0.54005456
1639.0,1639.0,0.040615123
1640.0,1640.0,0.19522806
1641.0,1641.0,0.19389114
1642.0,1642.0,0.36961535
1643.0,1643.0,0.18791945
1644.0,1644.0,0.08298795
1645.0,1645.0,0.20629402
1646.0,1646.0,0.11700601
1647.0,1647.0,0.0026632664
1648.0,1648.0,0.022521447
1649.0,1649.0,0.04893512
1650.0,1650.0,0.061663646
1651.0,1651.0,0.008521316
1652.0,1652.0,0.031130018
1653.0,1653.0,0.03706178
1654.0,1654.0,0.024064915
1655.0,1655.0,0.033758115
1656.0,1656.0,0.0010793273
1657.0,1657.0,0.0074492604
1658.0,1658.0,0.6600816
1659.0,1659.0,0.08114879
1660.0,1660.0,2.4220205E-4
1661.0,1661.0,0.063109696
1662.0,1662.0,0.04045362
1663.0,1663.0,0.005496102
1664.0,1664.0,0.015078555
1665.0,1665.0,0.042781375
1666.0,1666.0,0.0030039693
1667.0,1667.0,0.0034696467
1668.0,1668.0,0.0014169028
1669.0,1669.0,0.08659953
1670.0,1670.0,0.23560165
1671.0,1671.0,0.029246185
1672.0,1672.0,0.1530835
1673.0,1673.0,0.29676697
1674.0,1674.0,0.17689511
1675.0,1675.0,0.11959705
1676.0,1676.0,0.27583513
1677.0,1677.0,1.0369428E-4
1678.0,1678.0,0.12428702
1679.0,1679.0,0.024801057
1680.0,1680.0,0.0027363831
1681.0,1681.0,0.11098612
1682.0,1682.0,0.070967264
1683.0,1683.0,0.12920026
1684.0,1684.0,0.04999233
1685.0,1685.0,0.043660086
1686.0,1686.0,0.011380435
1687.0,1687.0,0.030822352
1688.0,1688.0,0.055371042
1689.0,1689.0,0.27589473
1690.0,1690.0,0.0025812443
1691.0,1691.0,0.29962432
1692.0,1692.0,0.018450396
1693.0,1693.0,0.09220595
1694.0,1694.0,0.5170903
1695.0,1695.0,0.32580718
1696.0,1696.0,8.142946E-5
1697.0,1697.0,0.11972728
1698.0,1698.0,0.7484584
1699.0,1699.0,0.6127049
1700.0,1700.0,0.052526478
1701.0,1701.0,0.019007297
1702.0,1702.0,0.36279708
1703.0,1703.0,0.0033444678
1704.0,1704.0,0.04533054
1705.0,1705.0,0.07176482
1706.0,1706.0,0.024654202
1707.0,1707.0,0.06244331
1708.0,1708.0,0.028604124
1709.0,1709.0,0.0017690257
1710.0,1710.0,0.44718775
1711.0,1711.0,0.054026637
1712.0,1712.0,0.0048152027
1713.0,1713.0,0.35553473
1714.0,1714.0,0.0074336966
1715.0,1715.0,4.5556072E-4
1716.0,1716.0,0.011131872
1717.0,1717.0,0.19901745
1718.0,1718.0,0.38701123
1719.0,1719.0,0.13134389
1720.0,1720.0,0.017577415
1721.0,1721.0,0.3358686
1722.0,1722.0,0.08545606
1723.0,1723.0,8.361287E-5
1724.0,1724.0,0.015427602
1725.0,1725.0,0.40462065
1726.0,1726.0,0.1539747
1727.0,1727.0,0.10983628
1728.0,1728.0,0.048268154
1729.0,1729.0,0.056207508
1730.0,1730.0,0.22796026
1731.0,1731.0,0.010755033
1732.0,1732.0,0.009049479
1733.0,1733.0,0.032214765
1734.0,1734.0,0.20376179
1735.0,1735.0,8.086978E-5
1736.0,1736.0,0.024142088
1737.0,1737.0,0.027658751
1738.0,1738.0,0.001287547
1739.0,1739.0,0.47476327
1740.0,1740.0,0.060001723
1741.0,1741.0,0.30878213
1742.0,1742.0,0.49549443
1743.0,1743.0,0.06886495
1744.0,1744.0,0.13245836
1745.0,1745.0,0.079052836
1746.0,1746.0,0.007754603
1747.0,1747.0,0.049266342
1748.0,1748.0,0.38135484
1749.0,1749.0,0.2619289
1750.0,1750.0,0.01631005
1751.0,1751.0,0.019035572
1752.0,1752.0,0.2923703
1753.0,1753.0,0.4231847
1754.0,1754.0,0.16902591
1755.0,1755.0,0.26563638
1756.0,1756.0,0.1451229
1757.0,1757.0,0.002802233
1758.0,1758.0,0.39246783
1759.0,1759.0,0.24900131
1760.0,1760.0,0.35802016
1761.0,1761.0,0.3393056
1762.0,1762.0,0.04939749
1763.0,1763.0,0.025891226
1764.0,1764.0,0.5802072
1765.0,1765.0,0.0057865432
1766.0,1766.0,0.047444355
1767.0,1767.0,0.018075421
1768.0,1768.0,0.12380948
1769.0,1769.0,1.9159655E-4
1770.0,1770.0,0.00259822
1771.0,1771.0,0.08975727
1772.0,1772.0,0.3104375
1773.0,1773.0,0.30995336
1774.0,1774.0,0.040732767
1775.0,1775.0,0.034509085
1776.0,1776.0,0.0038372676
1777.0,1777.0,0.16535479
1778.0,1778.0,0.47607183
1779.0,1779.0,0.0552127
1780.0,1780.0,2.504577E-4
1781.0,1781.0,0.18014075
1782.0,1782.0,0.017518947
1783.0,1783.0,0.13897955
1784.0,1784.0,0.6754219
1785.0,1785.0,0.010708476
1786.0,1786.0,0.2407156
1787.0,1787.0,0.1942795
1788.0,1788.0,0.007753423
1789.0,1789.0,0.044700414
1790.0,1790.0,0.0032867403
1791.0,1791.0,8.9406257E-4
1792.0,1792.0,0.044781465
1793.0,1793.0,0.19825433
1794.0,1794.0,0.26764432
1795.0,1795.0,0.10815002
1796.0,1796.0,0.0019246825
1797.0,1797.0,0.01754822
1798.0,1798.0,0.197812
1799.0,1799.0,0.00530917
1800.0,1800.0,0.0030007362
1801.0,1801.0,0.12699279
1802.0,1802.0,0.06834242
1803.0,1803.0,0.6892109
1804.0,1804.0,0.039467186
1805.0,1805.0,0.02668938
1806.0,1806.0,0.005595409
1807.0,1807.0,0.04613105
1808.0,1808.0,0.18925814
1809.0,1809.0,0.07453747
1810.0,1810.0,0.010278625
1811.0,1811.0,0.025393924
1812.0,1812.0,0.021625854
1813.0,1813.0,0.04055048
1814.0,1814.0,0.0150103085
1815.0,1815.0,0.011165339
1816.0,1816.0,0.023503058
1817.0,1817.0,0.0060574627
1818.0,1818.0,0.39666042
1819.0,1819.0,0.012955179
1820.0,1820.0,9.670125E-4
1821.0,1821.0,0.2785205
1822.0,1822.0,0.17868133
1823.0,1823.0,0.0085609015
1824.0,1824.0,0.07238996
1825.0,1825.0,0.032912035
1826.0,1826.0,0.19215749
1827.0,1827.0,0.044682767
1828.0,1828.0,0.046757955
1829.0,1829.0,0.31693816
1830.0,1830.0,0.007634292
1831.0,1831.0,0.44485193
1832.0,1832.0,0.044156402
1833.0,1833.0,6.324236E-4
1834.0,1834.0,0.004570158
1835.0,1835.0,9.154834E-5
1836.0,1836.0,0.006226547
1837.0,1837.0,0.004881977
1838.0,1838.0,0.28108355
1839.0,1839.0,0.112599686
1840.0,1840.0,0.17623708
1841.0,1841.0,0.05978328
1842.0,1842.0,0.0013510808
1843.0,1843.0,0.33189872
1844.0,1844.0,0.044071615
1845.0,1845.0,0.056387678
1846.0,1846.0,6.5365585E-4
1847.0,1847.0,0.15154815
1848.0,1848.0,0.047111455
1849.0,1849.0,0.2747477
1850.0,1850.0,0.4003551
1851.0,1851.0,0.42959088
1852.0,1852.0,0.009409621
1853.0,1853.0,1.5023716E-5
1854.0,1854.0,0.033713646
1855.0,1855.0,7.4180745E-4
1856.0,1856.0,0.024341276
1857.0,1857.0,0.11399062
1858.0,1858.0,0.19004935
1859.0,1859.0,0.009183758
1860.0,1860.0,0.016567308
1861.0,1861.0,0.034156363
1862.0,1862.0,0.08407699
1863.0,1863.0,0.020714305
1864.0,1864.0,0.010819647
1865.0,1865.0,0.01480698
1866.0,1866.0,0.50970054
1867.0,1867.0,0.008955827
1868.0,1868.0,0.051264167
1869.0,1869.0,0.15945671
1870.0,1870.0,0.044146962
1871.0,1871.0,0.06854135
1872.0,1872.0,0.35545424
1873.0,1873.0,0.003907688
1874.0,1874.0,0.26735705
1875.0,1875.0,0.41311845
1876.0,1876.0,0.038485747
1877.0,1877.0,0.0034726085
1878.0,1878.0,0.016892368
1879.0,1879.0,0.011236633
1880.0,1880.0,0.3470852
1881.0,1881.0,0.04366983
1882.0,1882.0,0.025687143
1883.0,1883.0,0.16644885
1884.0,1884.0,0.12309993
1885.0,1885.0,0.48100248
1886.0,1886.0,0.047598645
1887.0,1887.0,0.22077578
1888.0,1888.0,0.38643524
1889.0,1889.0,0.041582376
1890.0,1890.0,0.41898748
1891.0,1891.0,0.70124805
1892.0,1892.0,0.12163691
1893.0,1893.0,0.004653705
1894.0,1894.0,0.01110052
1895.0,1895.0,0.4817282
1896.0,1896.0,0.12048115
1897.0,1897.0,0.017127259
1898.0,1898.0,2.4762686E-4
1899.0,1899.0,0.2506948
1900.0,1900.0,0.023681832
1901.0,1901.0,0.2111429
1902.0,1902.0,0.0034022701
1903.0,1903.0,0.25181702
1904.0,1904.0,0.7393722
1905.0,1905.0,0.12726687
1906.0,1906.0,0.023494143
1907.0,1907.0,0.021707632
1908.0,1908.0,0.09089002
1909.0,1909.0,0.61459893
1910.0,1910.0,0.43059927
1911.0,1911.0,0.48850337
1912.0,1912.0,0.38122317
1913.0,1913.0,0.0042162095
1914.0,1914.0,0.26054433
1915.0,1915.0,0.6769656
1916.0,1916.0,0.558316
1917.0,1917.0,0.03805557
1918.0,1918.0,0.025667045
1919.0,1919.0,0.38872647
1920.0,1920.0,0.016066948
1921.0,1921.0,0.03812848
1922.0,1922.0,0.37922055
1923.0,1923.0,0.048783515
1924.0,1924.0,0.012418865
1925.0,1925.0,0.0052832244
1926.0,1926.0,0.004495078
1927.0,1927.0,0.18661468
1928.0,1928.0,0.12641953
1929.0,1929.0,0.15818948
1930.0,1930.0,0.03806703
1931.0,1931.0,0.14077166
1932.0,1932.0,0.08108209
1933.0,1933.0,0.1571383
1934.0,1934.0,4.1331694E-4
1935.0,1935.0,0.0054576625
1936.0,1936.0,0.14966601
1937.0,1937.0,0.0323042
1938.0,1938.0,0.16495468
1939.0,1939.0,0.009264437
1940.0,1940.0,0.15909024
1941.0,1941.0,0.46774018
1942.0,1942.0,0.0064716316
1943.0,1943.0,0.046041682
1944.0,1944.0,0.03295933
1945.0,1945.0,0.24121489
1946.0,1946.0,0.058632392
1947.0,1947.0,0.041956127
1948.0,1948.0,0.07818402
1949.0,1949.0,0.04007772
1950.0,1950.0,0.013627896
1951.0,1951.0,0.015281305
1952.0,1952.0,0.12043926
1953.0,1953.0,0.087960035
1954.0,1954.0,0.4912335
1955.0,1955.0,1.8883761E-4
1956.0,1956.0,0.32862192
1957.0,1957.0,0.12570916
1958.0,1958.0,0.08881625
1959.0,1959.0,0.1115174
1960.0,1960.0,0.1517574
1961.0,1961.0,0.17824389
1962.0,1962.0,0.018017773
1963.0,1963.0,0.14442006
1964.0,1964.0,0.32985362
1965.0,1965.0,0.35841998
1966.0,1966.0,0.09307227
1967.0,1967.0,0.21769021
1968.0,1968.0,0.53499055
1969.0,1969.0,0.036036003
1970.0,1970.0,0.19211408
1971.0,1971.0,0.004602406
1972.0,1972.0,0.025902404
1973.0,1973.0,0.31967968
1974.0,1974.0,0.3306643
1975.0,1975.0,0.51885253
1976.0,1976.0,0.09010376
1977.0,1977.0,0.17244722
1978.0,1978.0,0.032570865
1979.0,1979.0,0.026247706
1980.0,1980.0,0.36028156
1981.0,1981.0,0.028103646
1982.0,1982.0,9.990259E-5
1983.0,1983.0,0.23588848
1984.0,1984.0,0.06470327
1985.0,1985.0,0.005903617
1986.0,1986.0,0.11722555
1987.0,1987.0,0.72820836
1988.0,1988.0,0.020203289
1989.0,1989.0,0.44849673
1990.0,1990.0,0.09396176
1991.0,1991.0,0.047254648
1992.0,1992.0,0.2992166
1993.0,1993.0,0.030261133
1994.0,1994.0,0.011132033
1995.0,1995.0,0.39530626
1996.0,1996.0,0.03166399
1997.0,1997.0,0.090196036
1998.0,1998.0,0.0074922387
1999.0,1999.0,0.011779838
2000.0,2000.0,0.117903024
2001.0,2001.0,0.19238946
2002.0,2002.0,0.1340945
2003.0,2003.0,0.0058300137
2004.0,2004.0,0.109744795
2005.0,2005.0,0.008623644
2006.0,2006.0,0.51682776
2007.0,2007.0,0.30285412
2008.0,2008.0,0.0032291901
2009.0,2009.0,0.025371108
2010.0,2010.0,0.3153508
2011.0,2011.0,0.04200213
2012.0,2012.0,0.024549728
2013.0,2013.0,0.12916148
2014.0,2014.0,0.0045674248
2015.0,2015.0,0.030164625
2016.0,2016.0,0.020913642
2017.0,2017.0,0.72315663
2018.0,2018.0,0.23282702
2019.0,2019.0,0.37953168
2020.0,2020.0,4.3498956E-5
2021.0,2021.0,0.038106587
2022.0,2022.0,0.023812326
2023.0,2023.0,0.07178221
2024.0,2024.0,0.09593444
2025.0,2025.0,0.06701089
2026.0,2026.0,0.014367565
2027.0,2027.0,0.37618467
2028.0,2028.0,0.050030798
2029.0,2029.0,0.37357533
2030.0,2030.0,0.04724287
2031.0,2031.0,2.0877714E-4
2032.0,2032.0,0.0075223823
2033.0,2033.0,0.0913356
2034.0,2034.0,0.054407325
2035.0,2035.0,0.62019914
2036.0,2036.0,0.029918283
2037.0,2037.0,0.24585116
2038.0,2038.0,0.24003287
2039.0,2039.0,0.71834576
2040.0,2040.0,0.43876997
2041.0,2041.0,0.19061172
2042.0,2042.0,0.006282731
2043.0,2043.0,0.014430109
2044.0,2044.0,0.0054121367
2045.0,2045.0,0.035503373
2046.0,2046.0,0.0011575305
2047.0,2047.0,0.00851493
2048.0,2048.0,0.35972336
2049.0,2049.0,0.019465609
2050.0,2050.0,0.15935008
2051.0,2051.0,0.0065316786
2052.0,2052.0,0.049812514
2053.0,2053.0,0.023121027
2054.0,2054.0,0.75138235
2055.0,2055.0,0.0077307075
2056.0,2056.0,0.1025597
2057.0,2057.0,9.6584536E-4
2058.0,2058.0,0.14543779
2059.0,2059.0,0.15111072
2060.0,2060.0,0.09408475
2061.0,2061.0,0.61481726
2062.0,2062.0,0.10612253
2063.0,2063.0,0.09547947
2064.0,2064.0,0.442502
2065.0,2065.0,0.0050816806
2066.0,2066.0,0.015151195
2067.0,2067.0,6.6989555E-4
2068.0,2068.0,0.0658506
2069.0,2069.0,0.11655267
2070.0,2070.0,0.2757179
2071.0,2071.0,0.19088258
2072.0,2072.0,0.010124409
2073.0,2073.0,0.019044152
2074.0,2074.0,0.4214258
2075.0,2075.0,0.08198607
2076.0,2076.0,0.77496487
2077.0,2077.0,0.075977914
2078.0,2078.0,0.2149994
2079.0,2079.0,0.0072764
2080.0,2080.0,5.1081454E-4
2081.0,2081.0,0.021895254
2082.0,2082.0,0.0025089069
2083.0,2083.0,0.26335892
2084.0,2084.0,0.0037390736
2085.0,2085.0,0.0027411543
2086.0,2086.0,0.0829043
2087.0,2087.0,0.27491632
2088.0,2088.0,0.2994628
2089.0,2089.0,0.0027857055
2090.0,2090.0,7.831262E-4
2091.0,2091.0,0.11866604
2092.0,2092.0,0.017993795
2093.0,2093.0,0.060729545
2094.0,2094.0,0.4539905
2095.0,2095.0,0.022017486
2096.0,2096.0,0.12520681
2097.0,2097.0,0.7480532
2098.0,2098.0,0.012664846
2099.0,2099.0,0.6645994
2100.0,2100.0,0.028626265
2101.0,2101.0,7.351243E-4
2102.0,2102.0,0.20350796
2103.0,2103.0,0.0038297935
2104.0,2104.0,0.6269616
2105.0,2105.0,6.679241E-4
2106.0,2106.0,0.5387358
2107.0,2107.0,0.1732013
2108.0,2108.0,0.23050693
2109.0,2109.0,0.5018884
2110.0,2110.0,0.6685455
2111.0,2111.0,0.16158845
2112.0,2112.0,0.02564853
2113.0,2113.0,0.011850827
2114.0,2114.0,0.053593993
2115.0,2115.0,0.09378438
2116.0,2116.0,0.17416567
2117.0,2117.0,0.23474301
2118.0,2118.0,0.4876001
2119.0,2119.0,0.067773715
2120.0,2120.0,0.0010191144
2121.0,2121.0,0.009023387
2122.0,2122.0,0.038718283
2123.0,2123.0,0.013705712
2124.0,2124.0,0.008343933
2125.0,2125.0,0.031097686
2126.0,2126.0,1.767662E-5
2127.0,2127.0,0.12795264
2128.0,2128.0,0.37693793
2129.0,2129.0,0.2739043
2130.0,2130.0,0.29883283
2131.0,2131.0,0.0318565
2132.0,2132.0,0.44266132
2133.0,2133.0,0.4034142
2134.0,2134.0,1.9365246E-4
2135.0,2135.0,0.48882225
2136.0,2136.0,0.18612751
2137.0,2137.0,0.15423203
2138.0,2138.0,0.004466011
2139.0,2139.0,0.29088917
2140.0,2140.0,0.49316984
2141.0,2141.0,0.06822486
2142.0,2142.0,0.11719729
2143.0,2143.0,0.003162876
2144.0,2144.0,0.022624172
2145.0,2145.0,0.026820615
2146.0,2146.0,0.011957434
2147.0,2147.0,0.002122269
2148.0,2148.0,0.083100736
2149.0,2149.0,0.36467814
2150.0,2150.0,0.10212613
2151.0,2151.0,0.18144889
2152.0,2152.0,0.09645596
2153.0,2153.0,0.32523942
2154.0,2154.0,0.08342383
2155.0,2155.0,0.40566733
2156.0,2156.0,0.1627768
2157.0,2157.0,0.04971724
2158.0,2158.0,0.13948785
2159.0,2159.0,0.062142305
2160.0,2160.0,0.3390159
2161.0,2161.0,0.113827184
2162.0,2162.0,0.012875098
2163.0,2163.0,0.09377008
2164.0,2164.0,0.0046119727
2165.0,2165.0,0.19099039
2166.0,2166.0,0.4242641
2167.0,2167.0,0.4320277
2168.0,2168.0,0.0035869295
2169.0,2169.0,0.29713717
2170.0,2170.0,0.16522285
2171.0,2171.0,0.21357858
2172.0,2172.0,0.17365885
2173.0,2173.0,0.0166648
2174.0,2174.0,0.0124146305
2175.0,2175.0,0.0041778306
2176.0,2176.0,0.0043871966
2177.0,2177.0,0.29678747
2178.0,2178.0,0.22116762
2179.0,2179.0,0.0064809485
2180.0,2180.0,0.00658489
2181.0,2181.0,0.038733415
2182.0,2182.0,0.002213238
2183.0,2183.0,0.0019570233
2184.0,2184.0,0.21346521
2185.0,2185.0,0.6916737
2186.0,2186.0,0.02902251
2187.0,2187.0,0.09204653
2188.0,2188.0,0.018679125
2189.0,2189.0,0.31925127
2190.0,2190.0,0.038943987
2191.0,2191.0,0.14806022
2192.0,2192.0,0.043900393
2193.0,2193.0,0.022142282
2194.0,2194.0,0.32188964
2195.0,2195.0,0.17567797
2196.0,2196.0,0.11692351
2197.0,2197.0,0.24801488
2198.0,2198.0,0.2569872
2199.0,2199.0,0.070468664
2200.0,2200.0,0.2508891
2201.0,2201.0,0.008589088
2202.0,2202.0,0.46543452
2203.0,2203.0,3.400683E-4
2204.0,2204.0,0.031108567
2205.0,2205.0,0.036412537
2206.0,2206.0,0.09382472
2207.0,2207.0,0.009802479
2208.0,2208.0,1.0499522E-4
2209.0,2209.0,0.6315348
2210.0,2210.0,0.014219864
2211.0,2211.0,0.0101773655
2212.0,2212.0,0.12459866
2213.0,2213.0,9.0812985E-4
2214.0,2214.0,0.03506388
2215.0,2215.0,0.01856296
2216.0,2216.0,0.21155062
2217.0,2217.0,0.049303483
2218.0,2218.0,0.02753984
2219.0,2219.0,0.16682254
2220.0,2220.0,0.030182859
2221.0,2221.0,0.2675746
2222.0,2222.0,0.07504688
2223.0,2223.0,0.18786038
2224.0,2224.0,0.044633638
2225.0,2225.0,0.006520429
2226.0,2226.0,0.04160123
2227.0,2227.0,0.11267311
2228.0,2228.0,0.07467722
2229.0,2229.0,0.059003197
2230.0,2230.0,0.10041372
2231.0,2231.0,0.029394682
2232.0,2232.0,0.09009093
2233.0,2233.0,0.38456273
2234.0,2234.0,0.23186588
2235.0,2235.0,0.07529575
2236.0,2236.0,4.2532416E-4
2237.0,2237.0,0.19342995
2238.0,2238.0,0.07095625
2239.0,2239.0,0.13378294
2240.0,2240.0,0.0068337456
2241.0,2241.0,3.974377E-4
2242.0,2242.0,0.083399735
2243.0,2243.0,0.04626475
2244.0,2244.0,0.11453461
2245.0,2245.0,0.0388582
2246.0,2246.0,0.070251174
2247.0,2247.0,0.0070257247
2248.0,2248.0,0.04038332
2249.0,2249.0,0.04495824
2250.0,2250.0,0.16392542
2251.0,2251.0,0.15389134
2252.0,2252.0,0.031968996
2253.0,2253.0,0.20326062
2254.0,2254.0,0.14258973
2255.0,2255.0,0.08653048
2256.0,2256.0,0.0011401534
2257.0,2257.0,1.0623207E-4
2258.0,2258.0,0.15154444
2259.0,2259.0,0.0622494
2260.0,2260.0,0.18147579
2261.0,2261.0,0.0084277475
2262.0,2262.0,0.6228408
2263.0,2263.0,0.33679125
2264.0,2264.0,0.3581881
2265.0,2265.0,0.06151555
2266.0,2266.0,0.37521878
2267.0,2267.0,0.017968133
2268.0,2268.0,0.05538232
2269.0,2269.0,0.6312557
2270.0,2270.0,0.007310033
2271.0,2271.0,0.7473037
2272.0,2272.0,0.017272083
2273.0,2273.0,2.3066359E-5
2274.0,2274.0,0.1576798
2275.0,2275.0,0.17682318
2276.0,2276.0,0.05827059
2277.0,2277.0,0.25708643
2278.0,2278.0,0.6520361
2279.0,2279.0,0.03834807
2280.0,2280.0,0.0019692553
2281.0,2281.0,0.12547953
2282.0,2282.0,0.5020673
2283.0,2283.0,0.31760156
2284.0,2284.0,0.04159081
2285.0,2285.0,0.07168375
2286.0,2286.0,0.03209084
2287.0,2287.0,0.08864035
2288.0,2288.0,3.1682634E-4
2289.0,2289.0,0.15618034
2290.0,2290.0,0.036998753
2291.0,2291.0,0.2729856
2292.0,2292.0,0.44281003
2293.0,2293.0,0.21565767
2294.0,2294.0,9.919794E-5
2295.0,2295.0,0.006843815
2296.0,2296.0,0.02078914
2297.0,2297.0,0.073403046
2298.0,2298.0,0.0041263965
2299.0,2299.0,0.38655484
2300.0,2300.0,0.25556818
2301.0,2301.0,0.29900268
2302.0,2302.0,0.16173443
2303.0,2303.0,0.20779167
2304.0,2304.0,0.007662677
2305.0,2305.0,0.14484261
2306.0,2306.0,0.2197245
2307.0,2307.0,0.08909144
2308.0,2308.0,0.045501273
2309.0,2309.0,0.04894816
2310.0,2310.0,0.31808478
2311.0,2311.0,0.029553734
2312.0,2312.0,0.08505356
2313.0,2313.0,0.015862782
2314.0,2314.0,0.20037335
2315.0,2315.0,0.002607698
2316.0,2316.0,0.18043765
2317.0,2317.0,1.1802949E-4
2318.0,2318.0,0.1860591
2319.0,2319.0,0.36732653
2320.0,2320.0,0.054250892
2321.0,2321.0,0.032659337
2322.0,2322.0,0.47540215
2323.0,2323.0,0.03976436
2324.0,2324.0,0.00388012
2325.0,2325.0,9.351872E-5
2326.0,2326.0,0.019843575
2327.0,2327.0,0.004798632
2328.0,2328.0,0.009943688
2329.0,2329.0,0.38979164
2330.0,2330.0,0.14667833
2331.0,2331.0,0.2992172
2332.0,2332.0,0.29932702
2333.0,2333.0,0.06476428
2334.0,2334.0,0.30819234
2335.0,2335.0,0.0294054
2336.0,2336.0,0.05777791
2337.0,2337.0,0.24272603
2338.0,2338.0,0.029169908
2339.0,2339.0,0.020894848
2340.0,2340.0,0.4744857
2341.0,2341.0,0.018022612
2342.0,2342.0,0.46584848
2343.0,2343.0,0.008174822
2344.0,2344.0,0.1251873
2345.0,2345.0,0.23536988
2346.0,2346.0,0.21289219
2347.0,2347.0,0.32546908
2348.0,2348.0,0.13924013
2349.0,2349.0,0.017279143
2350.0,2350.0,0.012417492
2351.0,2351.0,0.026339224
2352.0,2352.0,0.05347183
2353.0,2353.0,0.0044273566
2354.0,2354.0,0.35249528
2355.0,2355.0,0.0014756483
2356.0,2356.0,0.45481518
2357.0,2357.0,0.28880104
2358.0,2358.0,0.04900217
2359.0,2359.0,0.36371133
2360.0,2360.0,0.0024802932
2361.0,2361.0,0.0017530044
2362.0,2362.0,0.05666621
2363.0,2363.0,0.47930163
2364.0,2364.0,0.4958573
2365.0,2365.0,0.0060560214
2366.0,2366.0,0.3722941
2367.0,2367.0,0.30376852
2368.0,2368.0,0.2712444
2369.0,2369.0,0.028739387
2370.0,2370.0,0.28370956
2371.0,2371.0,0.5113344
2372.0,2372.0,0.041069906
2373.0,2373.0,0.02164134
2374.0,2374.0,0.1059864
2375.0,2375.0,0.19388758
2376.0,2376.0,0.014939204
2377.0,2377.0,0.19833863
2378.0,2378.0,0.043548476
2379.0,2379.0,0.40851876
2380.0,2380.0,4.8405458E-5
2381.0,2381.0,0.06545568
2382.0,2382.0,0.08752587
2383.0,2383.0,0.37244746
2384.0,2384.0,0.37557825
2385.0,2385.0,0.3742128
2386.0,2386.0,0.089274675
2387.0,2387.0,0.022829803
2388.0,2388.0,0.037833925
2389.0,2389.0,0.16301607
2390.0,2390.0,0.062273398
2391.0,2391.0,0.67711985
2392.0,2392.0,0.34796196
2393.0,2393.0,0.02689682
2394.0,2394.0,0.046928994
2395.0,2395.0,0.019318286
2396.0,2396.0,0.038184237
2397.0,2397.0,0.011403003
2398.0,2398.0,0.0131769115
2399.0,2399.0,0.0025001392
2400.0,2400.0,0.76261836
2401.0,2401.0,0.024583895
2402.0,2402.0,0.30632958
2403.0,2403.0,0.67203385
2404.0,2404.0,0.4927688
2405.0,2405.0,0.08675578
2406.0,2406.0,0.030771675
2407.0,2407.0,0.01992288
2408.0,2408.0,1.7254398E-4
2409.0,2409.0,0.039660152
2410.0,2410.0,0.7964299
2411.0,2411.0,0.01794285
2412.0,2412.0,0.039842654
2413.0,2413.0,0.0067673353
2414.0,2414.0,0.045519743
2415.0,2415.0,0.11713402
2416.0,2416.0,0.026832407
2417.0,2417.0,0.34720752
2418.0,2418.0,0.016171463
2419.0,2419.0,0.010634093
2420.0,2420.0,0.14958282
2421.0,2421.0,0.3822418
2422.0,2422.0,0.19818518
2423.0,2423.0,0.053053696
2424.0,2424.0,0.01212723
2425.0,2425.0,0.0030974604
2426.0,2426.0,0.070004925
2427.0,2427.0,0.008751815
2428.0,2428.0,0.16430905
2429.0,2429.0,0.16080958
2430.0,2430.0,0.18345283
2431.0,2431.0,0.30300283
2432.0,2432.0,0.42231858
2433.0,2433.0,0.21630909
2434.0,2434.0,0.053058777
2435.0,2435.0,0.103630364
2436.0,2436.0,0.27986664
2437.0,2437.0,0.04628774
2438.0,2438.0,0.04344748
2439.0,2439.0,0.011454154
2440.0,2440.0,0.01606722
2441.0,2441.0,0.10783285
2442.0,2442.0,0.19297726
2443.0,2443.0,0.004985439
2444.0,2444.0,0.7563285
2445.0,2445.0,0.2887381
2446.0,2446.0,0.5704354
2447.0,2447.0,0.0054325024
2448.0,2448.0,0.05731094
2449.0,2449.0,0.08704316
2450.0,2450.0,0.7328354
2451.0,2451.0,0.13232775
2452.0,2452.0,0.006407899
2453.0,2453.0,0.17099568
2454.0,2454.0,0.040379737
2455.0,2455.0,0.12247974
2456.0,2456.0,0.046684783
2457.0,2457.0,8.657169E-4
2458.0,2458.0,0.0028590884
2459.0,2459.0,0.046440188
2460.0,2460.0,0.062448893
2461.0,2461.0,0.026694873
2462.0,2462.0,0.7620291
2463.0,2463.0,0.0039342674
2464.0,2464.0,0.30404454
2465.0,2465.0,0.2699343
2466.0,2466.0,0.033721276
2467.0,2467.0,0.017029349
2468.0,2468.0,0.43371174
2469.0,2469.0,0.07488093
2470.0,2470.0,0.81041867
2471.0,2471.0,1.9657878E-4
2472.0,2472.0,0.15404928
2473.0,2473.0,9.55793E-4
2474.0,2474.0,0.75672936
2475.0,2475.0,0.45426807
2476.0,2476.0,0.015913952
2477.0,2477.0,0.21248546
2478.0,2478.0,0.32313532
2479.0,2479.0,0.09263222
2480.0,2480.0,0.03852242
2481.0,2481.0,0.34573987
2482.0,2482.0,0.011086775
2483.0,2483.0,0.06289086
2484.0,2484.0,0.6531105
2485.0,2485.0,0.016513957
2486.0,2486.0,0.45438987
2487.0,2487.0,9.5556294E-5
2488.0,2488.0,0.051354133
2489.0,2489.0,0.033394337
2490.0,2490.0,0.08494111
2491.0,2491.0,0.027789528
2492.0,2492.0,0.010572516
2493.0,2493.0,0.30289882
2494.0,2494.0,0.009375446
2495.0,2495.0,0.54035443
2496.0,2496.0,0.017474765
2497.0,2497.0,0.10907661
2498.0,2498.0,0.46005297
2499.0,2499.0,0.0019350434
2500.0,2500.0,0.016640356
2501.0,2501.0,0.5429505
2502.0,2502.0,0.33791783
2503.0,2503.0,0.04220029
2504.0,2504.0,0.05580011
2505.0,2505.0,0.02802694
2506.0,2506.0,0.10986716
2507.0,2507.0,0.65519154
2508.0,2508.0,0.17657627
2509.0,2509.0,0.06927082
2510.0,2510.0,1.3666012E-4
2511.0,2511.0,0.0035183337
2512.0,2512.0,0.01916718
2513.0,2513.0,0.03579847
2514.0,2514.0,0.14455633
2515.0,2515.0,0.2822938
2516.0,2516.0,0.15669897
2517.0,2517.0,0.14832373
2518.0,2518.0,0.012770391
2519.0,2519.0,0.49515328
2520.0,2520.0,4.0267405E-5
2521.0,2521.0,0.004350571
2522.0,2522.0,0.0083562685
2523.0,2523.0,0.0668214
2524.0,2524.0,0.016382104
2525.0,2525.0,0.018365692
2526.0,2526.0,0.047379553
2527.0,2527.0,0.028110677
2528.0,2528.0,0.48117852
2529.0,2529.0,0.03787086
2530.0,2530.0,0.04927941
2531.0,2531.0,0.42499754
2532.0,2532.0,0.13474017
2533.0,2533.0,0.121937804
2534.0,2534.0,0.033240408
2535.0,2535.0,0.05803966
2536.0,2536.0,0.02573349
2537.0,2537.0,0.13728006
2538.0,2538.0,0.008158341
2539.0,2539.0,0.17462094
2540.0,2540.0,0.16451496
2541.0,2541.0,0.07844241
2542.0,2542.0,0.01317165
2543.0,2543.0,0.05076366
2544.0,2544.0,0.040975776
2545.0,2545.0,0.0021701036
2546.0,2546.0,0.389059
2547.0,2547.0,0.09846659
2548.0,2548.0,0.003080832
2549.0,2549.0,0.010067713
2550.0,2550.0,0.08742653
2551.0,2551.0,0.046840668
2552.0,2552.0,0.5009427
2553.0,2553.0,1.2797373E-4
2554.0,2554.0,0.028779998
2555.0,2555.0,0.1980245
2556.0,2556.0,0.5052308
2557.0,2557.0,0.06833067
2558.0,2558.0,0.27037683
2559.0,2559.0,8.521991E-4
2560.0,2560.0,0.0779433
2561.0,2561.0,0.004043167
2562.0,2562.0,0.0043901657
2563.0,2563.0,0.021093931
2564.0,2564.0,0.14528835
2565.0,2565.0,0.0413543
2566.0,2566.0,0.041613765
2567.0,2567.0,0.26186657
2568.0,2568.0,0.0027424856
2569.0,2569.0,0.7762907
2570.0,2570.0,0.13603333
2571.0,2571.0,0.0022599075
2572.0,2572.0,0.15364863
2573.0,2573.0,0.003568825
2574.0,2574.0,0.15800975
2575.0,2575.0,5.6625094E-4
2576.0,2576.0,0.1344915
2577.0,2577.0,0.2965124
2578.0,2578.0,0.30806088
2579.0,2579.0,0.0640005
2580.0,2580.0,0.13225925
2581.0,2581.0,0.046869326
2582.0,2582.0,0.029127019
2583.0,2583.0,0.2008365
2584.0,2584.0,0.0058806115
2585.0,2585.0,0.194646
2586.0,2586.0,0.003029359
2587.0,2587.0,0.011519078
2588.0,2588.0,0.014992529
2589.0,2589.0,0.025284078
2590.0,2590.0,0.0408788
2591.0,2591.0,0.28197128
2592.0,2592.0,0.053543173
2593.0,2593.0,0.14964767
2594.0,2594.0,0.02448574
2595.0,2595.0,0.21011016
2596.0,2596.0,3.3235492E-4
2597.0,2597.0,0.6396671
2598.0,2598.0,0.10214849
2599.0,2599.0,0.12553266
2600.0,2600.0,0.15045664
2601.0,2601.0,0.010488322
2602.0,2602.0,0.26931685
2603.0,2603.0,0.05807356
2604.0,2604.0,0.0038175476
2605.0,2605.0,0.01577026
2606.0,2606.0,0.35176882
2607.0,2607.0,0.37574142
2608.0,2608.0,0.014248599
2609.0,2609.0,0.19141062
2610.0,2610.0,0.2724377
2611.0,2611.0,0.1853196
2612.0,2612.0,0.0071165175
2613.0,2613.0,0.42795354
2614.0,2614.0,0.04825254
2615.0,2615.0,0.014910879
2616.0,2616.0,0.076625265
2617.0,2617.0,0.75050884
2618.0,2618.0,0.043975245
2619.0,2619.0,0.36981064
2620.0,2620.0,0.052712068
2621.0,2621.0,0.17541155
2622.0,2622.0,0.7640377
2623.0,2623.0,0.114231
2624.0,2624.0,0.024474487
2625.0,2625.0,0.0035381264
2626.0,2626.0,0.16585973
2627.0,2627.0,0.1675375
2628.0,2628.0,0.13139217
2629.0,2629.0,7.721557E-4
2630.0,2630.0,0.0069681243
2631.0,2631.0,0.003603385
2632.0,2632.0,0.025045386
2633.0,2633.0,0.011092484
2634.0,2634.0,6.477813E-5
2635.0,2635.0,3.3937916E-4
2636.0,2636.0,0.1494076
2637.0,2637.0,0.017596764
2638.0,2638.0,0.06959852
2639.0,2639.0,0.4129044
2640.0,2640.0,0.020590793
2641.0,2641.0,0.062921524
2642.0,2642.0,0.0064386018
2643.0,2643.0,0.04450107
2644.0,2644.0,0.17321973
2645.0,2645.0,0.36558136
2646.0,2646.0,0.04270953
2647.0,2647.0,0.0027675894
2648.0,2648.0,0.005172117
2649.0,2649.0,0.24068527
2650.0,2650.0,0.09691364
2651.0,2651.0,0.011824744
2652.0,2652.0,0.06155205
2653.0,2653.0,0.005926284
2654.0,2654.0,0.12793858
2655.0,2655.0,0.123104624
2656.0,2656.0,0.031762134
2657.0,2657.0,0.17077649
2658.0,2658.0,0.43116748
2659.0,2659.0,0.042091243
2660.0,2660.0,0.64214027
2661.0,2661.0,0.012867731
2662.0,2662.0,0.019644275
2663.0,2663.0,0.0041003134
2664.0,2664.0,0.3152838
2665.0,2665.0,0.09172779
2666.0,2666.0,1.8777378E-4
2667.0,2667.0,0.007242083
2668.0,2668.0,0.47911456
2669.0,2669.0,0.0044114455
2670.0,2670.0,0.0035941382
2671.0,2671.0,0.29952115
2672.0,2672.0,0.0704067
2673.0,2673.0,0.36422005
2674.0,2674.0,0.0015365257
2675.0,2675.0,0.10825954
2676.0,2676.0,0.03700034
2677.0,2677.0,0.21178925
2678.0,2678.0,0.47648168
2679.0,2679.0,0.0036751665
2680.0,2680.0,9.0548274E-4
2681.0,2681.0,0.07325392
2682.0,2682.0,0.107316285
2683.0,2683.0,0.21891016
2684.0,2684.0,0.45262814
2685.0,2685.0,0.037697405
2686.0,2686.0,0.07060269
2687.0,2687.0,0.40551096
2688.0,2688.0,0.023847165
2689.0,2689.0,0.511256
2690.0,2690.0,0.13174681
2691.0,2691.0,0.043615546
2692.0,2692.0,0.071460545
2693.0,2693.0,0.14625047
2694.0,2694.0,0.036525972
2695.0,2695.0,0.35063884
2696.0,2696.0,0.76276475
2697.0,2697.0,9.1172033E-4
2698.0,2698.0,0.044699382
2699.0,2699.0,0.06420542
2700.0,2700.0,0.019047
2701.0,2701.0,0.059496462
2702.0,2702.0,0.024155652
2703.0,2703.0,0.05134259
2704.0,2704.0,0.4889225
2705.0,2705.0,0.03268612
2706.0,2706.0,0.15185864
2707.0,2707.0,0.12423328
2708.0,2708.0,0.053609088
2709.0,2709.0,0.08854449
2710.0,2710.0,0.06892324
2711.0,2711.0,0.03793137
2712.0,2712.0,0.02419191
2713.0,2713.0,0.0323561
2714.0,2714.0,0.6086986
2715.0,2715.0,0.11166705
2716.0,2716.0,0.13709797
2717.0,2717.0,0.038120016
2718.0,2718.0,0.7945649
2719.0,2719.0,0.08873344
2720.0,2720.0,0.4134802
2721.0,2721.0,0.12380494
2722.0,2722.0,0.005844898
2723.0,2723.0,0.03985984
2724.0,2724.0,0.17068498
2725.0,2725.0,0.013597057
2726.0,2726.0,0.110318035
2727.0,2727.0,0.0042210007
2728.0,2728.0,0.06065593
2729.0,2729.0,0.013276783
2730.0,2730.0,0.085274726
2731.0,2731.0,0.3182545
2732.0,2732.0,0.052104425
2733.0,2733.0,0.041617453
2734.0,2734.0,0.44724664
2735.0,2735.0,0.037071493
2736.0,2736.0,0.5260901
2737.0,2737.0,0.02483844
2738.0,2738.0,0.08033326
2739.0,2739.0,0.5132448
2740.0,2740.0,0.06378462
2741.0,2741.0,0.20472123
2742.0,2742.0,0.4137341
2743.0,2743.0,0.12941574
2744.0,2744.0,0.45649597
2745.0,2745.0,0.18587975
2746.0,2746.0,0.36210158
2747.0,2747.0,0.013828162
2748.0,2748.0,0.11531883
2749.0,2749.0,0.02468409
2750.0,2750.0,0.08188859
2751.0,2751.0,0.051714614
2752.0,2752.0,0.01045951
2753.0,2753.0,0.022170942
2754.0,2754.0,0.01833596
2755.0,2755.0,0.12356642
2756.0,2756.0,0.017431803
2757.0,2757.0,0.022117797
2758.0,2758.0,0.0221293
2759.0,2759.0,5.0815437E-5
2760.0,2760.0,0.16187973
2761.0,2761.0,0.019118443
2762.0,2762.0,0.059499513
2763.0,2763.0,0.026909951
2764.0,2764.0,2.4640377E-4
2765.0,2765.0,0.0059434557
2766.0,2766.0,7.4635725E-4
2767.0,2767.0,0.3227798
2768.0,2768.0,0.021697054
2769.0,2769.0,0.12594943
2770.0,2770.0,0.19487639
2771.0,2771.0,0.010235668
2772.0,2772.0,0.012316857
2773.0,2773.0,0.22092955
2774.0,2774.0,0.0036207163
2775.0,2775.0,0.13590659
2776.0,2776.0,0.013029496
2777.0,2777.0,0.1821481
2778.0,2778.0,0.0010125831
2779.0,2779.0,0.009418253
2780.0,2780.0,0.27881244
2781.0,2781.0,0.06963771
2782.0,2782.0,0.10280792
2783.0,2783.0,0.009250359
2784.0,2784.0,0.16950145
2785.0,2785.0,0.04510951
2786.0,2786.0,2.7707644E-4
2787.0,2787.0,0.03470093
2788.0,2788.0,0.20720673
2789.0,2789.0,0.011433664
2790.0,2790.0,0.001437668
2791.0,2791.0,0.21409465
2792.0,2792.0,0.72389615
2793.0,2793.0,0.1542851
2794.0,2794.0,0.18179584
2795.0,2795.0,0.018053552
2796.0,2796.0,0.002001699
2797.0,2797.0,0.0023353403
2798.0,2798.0,0.13404359
2799.0,2799.0,0.2576478
2800.0,2800.0,0.4403126
2801.0,2801.0,7.166403E-4
2802.0,2802.0,0.20951213
2803.0,2803.0,0.333215
2804.0,2804.0,0.10970148
2805.0,2805.0,0.058179557
2806.0,2806.0,0.010564278
2807.0,2807.0,0.008829269
2808.0,2808.0,0.19181016
2809.0,2809.0,0.015943144
2810.0,2810.0,0.4732789
2811.0,2811.0,0.01130074
2812.0,2812.0,0.06793071
2813.0,2813.0,0.044544287
2814.0,2814.0,0.39551935
2815.0,2815.0,0.014899788
2816.0,2816.0,0.1518327
2817.0,2817.0,0.46763918
2818.0,2818.0,0.53251314
2819.0,2819.0,0.32553238
2820.0,2820.0,0.02378292
2821.0,2821.0,0.110478744
2822.0,2822.0,0.4142288
2823.0,2823.0,0.029495148
2824.0,2824.0,0.00973838
2825.0,2825.0,0.35991868
2826.0,2826.0,0.44792753
2827.0,2827.0,0.053309187
2828.0,2828.0,0.46340778
2829.0,2829.0,0.18039404
2830.0,2830.0,0.47333527
2831.0,2831.0,0.120525494
2832.0,2832.0,0.02848704
2833.0,2833.0,0.6753706
2834.0,2834.0,0.06961309
2835.0,2835.0,0.017296243
2836.0,2836.0,0.4419551
2837.0,2837.0,2.9109506E-4
2838.0,2838.0,0.039469704
2839.0,2839.0,0.026148835
2840.0,2840.0,0.061205447
2841.0,2841.0,0.036020912
2842.0,2842.0,0.027134934
2843.0,2843.0,0.017585034
2844.0,2844.0,0.020988872
2845.0,2845.0,0.11952137
2846.0,2846.0,0.28084448
2847.0,2847.0,0.11591255
2848.0,2848.0,5.3523097E-5
2849.0,2849.0,0.25981668
2850.0,2850.0,0.3326789
2851.0,2851.0,0.007320642
2852.0,2852.0,0.5570904
2853.0,2853.0,0.40111986
2854.0,2854.0,0.08970051
2855.0,2855.0,0.03309792
2856.0,2856.0,0.0016725946
2857.0,2857.0,0.14311592
2858.0,2858.0,5.3141563E-4
2859.0,2859.0,0.033368256
2860.0,2860.0,0.08371807
2861.0,2861.0,0.01805993
2862.0,2862.0,0.17668965
2863.0,2863.0,0.7940418
2864.0,2864.0,0.32821524
2865.0,2865.0,0.060010172
2866.0,2866.0,0.263489
2867.0,2867.0,0.3222263
2868.0,2868.0,0.050663684
2869.0,2869.0,0.061713416
2870.0,2870.0,0.4526413
2871.0,2871.0,0.06480085
2872.0,2872.0,0.7570403
2873.0,2873.0,0.0053256243
2874.0,2874.0,0.770223
2875.0,2875.0,0.008725634
2876.0,2876.0,0.013591686
2877.0,2877.0,0.592622
2878.0,2878.0,0.16488002
2879.0,2879.0,0.1836413
2880.0,2880.0,0.06690947
2881.0,2881.0,0.12590455
2882.0,2882.0,0.20824207
2883.0,2883.0,0.40243846
2884.0,2884.0,0.019286139
2885.0,2885.0,0.0075054
2886.0,2886.0,3.5151847E-5
2887.0,2887.0,0.0072869514
2888.0,2888.0,0.0034309693
2889.0,2889.0,0.66532594
2890.0,2890.0,0.04346803
2891.0,2891.0,1.4312749E-4
2892.0,2892.0,0.40088463
2893.0,2893.0,0.06175603
2894.0,2894.0,0.19134821
2895.0,2895.0,0.4614547
2896.0,2896.0,0.026766973
2897.0,2897.0,0.0032699718
2898.0,2898.0,0.21020645
2899.0,2899.0,0.009197845
2900.0,2900.0,0.0016712232
2901.0,2901.0,0.052113738
2902.0,2902.0,0.05238156
2903.0,2903.0,0.044125125
2904.0,2904.0,0.030969948
2905.0,2905.0,0.48445958
2906.0,2906.0,0.025862409
2907.0,2907.0,0.36838692
2908.0,2908.0,0.1500371
2909.0,2909.0,0.033930454
2910.0,2910.0,0.011233549
2911.0,2911.0,0.46954393
2912.0,2912.0,0.007953881
2913.0,2913.0,0.012966258
2914.0,2914.0,0.051283795
2915.0,2915.0,0.028517308
2916.0,2916.0,0.018964011
2917.0,2917.0,0.19481273
2918.0,2918.0,0.7319472
2919.0,2919.0,0.015073148
2920.0,2920.0,0.4850289
2921.0,2921.0,0.12486473
2922.0,2922.0,6.08752E-4
2923.0,2923.0,0.054688502
2924.0,2924.0,0.72865975
2925.0,2925.0,3.8810587E-4
2926.0,2926.0,0.32742935
2927.0,2927.0,0.035218697
2928.0,2928.0,0.49958953
2929.0,2929.0,0.029913358
2930.0,2930.0,0.30665445
2931.0,2931.0,0.014034708
2932.0,2932.0,0.014296084
2933.0,2933.0,0.056500558
2934.0,2934.0,0.32076758
2935.0,2935.0,0.2309437
2936.0,2936.0,0.008511301
2937.0,2937.0,0.29774866
2938.0,2938.0,0.33442125
2939.0,2939.0,0.04912813
2940.0,2940.0,0.0033825145
2941.0,2941.0,0.021513125
2942.0,2942.0,0.017021542
2943.0,2943.0,0.2551991
2944.0,2944.0,0.42156076
2945.0,2945.0,0.064801015
2946.0,2946.0,0.16727349
2947.0,2947.0,0.002602589
2948.0,2948.0,0.17312862
2949.0,2949.0,0.2925324
2950.0,2950.0,0.068862475
2951.0,2951.0,0.016715322
2952.0,2952.0,0.7371078
2953.0,2953.0,0.44144073
2954.0,2954.0,0.108300164
2955.0,2955.0,0.04977479
2956.0,2956.0,0.28864205
2957.0,2957.0,0.34955212
2958.0,2958.0,0.3083433
2959.0,2959.0,0.0073142387
2960.0,2960.0,0.016060192
2961.0,2961.0,0.30954665
2962.0,2962.0,0.45891088
2963.0,2963.0,0.0018146017
2964.0,2964.0,0.065997444
2965.0,2965.0,0.7655861
2966.0,2966.0,0.27856395
2967.0,2967.0,0.6710217
2968.0,2968.0,0.068598494
2969.0,2969.0,0.07566736
2970.0,2970.0,0.3354172
2971.0,2971.0,9.7301214E-5
2972.0,2972.0,0.54462475
2973.0,2973.0,0.61501473
2974.0,2974.0,0.28546292
2975.0,2975.0,0.051581334
2976.0,2976.0,0.31433088
2977.0,2977.0,0.022889094
2978.0,2978.0,0.010328243
2979.0,2979.0,0.01956564
2980.0,2980.0,0.42430794
2981.0,2981.0,0.5790213
2982.0,2982.0,0.022789199
2983.0,2983.0,0.032151535
2984.0,2984.0,0.006167397
2985.0,2985.0,0.03562526
2986.0,2986.0,0.056061834
2987.0,2987.0,0.463571
2988.0,2988.0,0.07579182
2989.0,2989.0,0.008362482
2990.0,2990.0,0.4922891
2991.0,2991.0,0.06670104
2992.0,2992.0,0.08161343
2993.0,2993.0,0.51539236
2994.0,2994.0,0.0018120486
2995.0,2995.0,7.0364156E-4
2996.0,2996.0,0.10537602
2997.0,2997.0,0.16091983
2998.0,2998.0,0.026560176
2999.0,2999.0,0.025198745
3000.0,3000.0,0.43657365
3001.0,3001.0,0.059423137
3002.0,3002.0,0.028226187
3003.0,3003.0,0.4494573
3004.0,3004.0,0.11294006
3005.0,3005.0,0.023452338
3006.0,3006.0,0.80922896
3007.0,3007.0,0.05090997
3008.0,3008.0,0.10660708
3009.0,3009.0,0.09354704
3010.0,3010.0,0.016534371
3011.0,3011.0,0.22546871
3012.0,3012.0,0.37464294
3013.0,3013.0,0.06244463
3014.0,3014.0,0.058037534
3015.0,3015.0,0.37344804
3016.0,3016.0,0.6737521
3017.0,3017.0,0.31892055
3018.0,3018.0,0.001353438
3019.0,3019.0,0.0018771117
3020.0,3020.0,0.0016724712
3021.0,3021.0,0.048951406
3022.0,3022.0,0.17430227
3023.0,3023.0,0.34004423
3024.0,3024.0,0.009399817
3025.0,3025.0,0.007164042
3026.0,3026.0,0.42663094
3027.0,3027.0,0.04057943
3028.0,3028.0,0.298005
3029.0,3029.0,0.6964011
3030.0,3030.0,0.0029680424
3031.0,3031.0,0.2609448
3032.0,3032.0,0.19509016
3033.0,3033.0,9.245867E-4
3034.0,3034.0,0.13429438
3035.0,3035.0,7.0397713E-4
3036.0,3036.0,0.06363862
3037.0,3037.0,0.020754384
3038.0,3038.0,0.0013466208
3039.0,3039.0,0.094769135
3040.0,3040.0,1.9476119E-4
3041.0,3041.0,0.205726
3042.0,3042.0,0.50722647
3043.0,3043.0,0.067817345
3044.0,3044.0,0.0053135646
3045.0,3045.0,0.35782114
3046.0,3046.0,0.6098805
3047.0,3047.0,0.19791192
3048.0,3048.0,0.324915
3049.0,3049.0,0.022707285
3050.0,3050.0,0.06688227
3051.0,3051.0,0.038377695
3052.0,3052.0,0.04306161
3053.0,3053.0,0.014527736
3054.0,3054.0,0.082508236
3055.0,3055.0,8.809088E-5
3056.0,3056.0,0.24572274
3057.0,3057.0,0.2497665
3058.0,3058.0,0.059782773
3059.0,3059.0,0.265734
3060.0,3060.0,0.129485
3061.0,3061.0,0.12325671
3062.0,3062.0,0.041473396
3063.0,3063.0,3.4645564E-5
3064.0,3064.0,0.040542554
3065.0,3065.0,1.8405363E-4
3066.0,3066.0,0.009979228
3067.0,3067.0,0.14573315
3068.0,3068.0,0.0540048
3069.0,3069.0,0.0030190863
3070.0,3070.0,0.35998976
3071.0,3071.0,0.12511437
3072.0,3072.0,0.019581594
3073.0,3073.0,0.042366803
3074.0,3074.0,0.12987465
3075.0,3075.0,6.26984E-4
3076.0,3076.0,0.41989943
3077.0,3077.0,0.29803866
3078.0,3078.0,0.24571677
3079.0,3079.0,0.19998904
3080.0,3080.0,0.023586465
3081.0,3081.0,0.008065302
3082.0,3082.0,6.824243E-4
3083.0,3083.0,0.16446981
3084.0,3084.0,0.038639583
3085.0,3085.0,0.62111676
3086.0,3086.0,0.04356666
3087.0,3087.0,0.041840047
3088.0,3088.0,0.02485402
3089.0,3089.0,0.40006712
3090.0,3090.0,0.013999137
3091.0,3091.0,0.027315538
3092.0,3092.0,0.032725167
3093.0,3093.0,0.082716666
3094.0,3094.0,0.23629469
3095.0,3095.0,0.1118107
3096.0,3096.0,9.456934E-4
3097.0,3097.0,0.11466327
3098.0,3098.0,0.52327025
3099.0,3099.0,0.039244987
3100.0,3100.0,0.123169914
3101.0,3101.0,0.6400216
3102.0,3102.0,0.6486785
3103.0,3103.0,0.15122934
3104.0,3104.0,0.21970288
3105.0,3105.0,6.025688E-4
3106.0,3106.0,0.07229964
3107.0,3107.0,0.372639
3108.0,3108.0,0.005011774
3109.0,3109.0,0.42675757
3110.0,3110.0,0.010405713
3111.0,3111.0,0.2319147
3112.0,3112.0,0.6774387
3113.0,3113.0,0.49717915
3114.0,3114.0,0.043291677
3115.0,3115.0,0.011988162
3116.0,3116.0,0.009595828
3117.0,3117.0,0.51117265
3118.0,3118.0,0.85065943
3119.0,3119.0,0.015394007
3120.0,3120.0,0.023140945
3121.0,3121.0,0.019035444
3122.0,3122.0,0.28917947
3123.0,3123.0,0.47004792
3124.0,3124.0,0.5146152
3125.0,3125.0,0.44437215
3126.0,3126.0,0.5102648
3127.0,3127.0,0.38162842
3128.0,3128.0,0.0051865005
3129.0,3129.0,0.024826162
3130.0,3130.0,0.011840864
3131.0,3131.0,0.007372971
3132.0,3132.0,0.20318496
3133.0,3133.0,0.51352334
3134.0,3134.0,0.05521301
3135.0,3135.0,0.039685324
3136.0,3136.0,0.069874234
3137.0,3137.0,0.09286008
3138.0,3138.0,0.0038843278
3139.0,3139.0,0.33111528
3140.0,3140.0,0.030794276
3141.0,3141.0,0.20980941
3142.0,3142.0,0.021958087
3143.0,3143.0,0.07932156
3144.0,3144.0,0.14178069
3145.0,3145.0,0.036174677
3146.0,3146.0,0.16753262
3147.0,3147.0,0.004031109
3148.0,3148.0,0.09256747
3149.0,3149.0,0.003559531
3150.0,3150.0,0.11651019
3151.0,3151.0,0.059289776
3152.0,3152.0,0.20165369
3153.0,3153.0,0.03582229
3154.0,3154.0,0.27027535
3155.0,3155.0,0.03722692
3156.0,3156.0,0.7509985
3157.0,3157.0,0.39617178
3158.0,3158.0,0.02957804
3159.0,3159.0,0.4491963
3160.0,3160.0,0.18414085
3161.0,3161.0,0.36108184
3162.0,3162.0,0.01857919
3163.0,3163.0,0.10242274
3164.0,3164.0,0.010214719
3165.0,3165.0,0.07126869
3166.0,3166.0,0.022747442
3167.0,3167.0,0.17615992
3168.0,3168.0,8.613791E-5
3169.0,3169.0,0.021471249
3170.0,3170.0,0.45017505
3171.0,3171.0,0.008277247
3172.0,3172.0,0.043811724
3173.0,3173.0,0.37814346
3174.0,3174.0,0.6040576
3175.0,3175.0,0.112783715
3176.0,3176.0,0.02309666
3177.0,3177.0,9.6428295E-4
3178.0,3178.0,0.019598369
3179.0,3179.0,0.22524856
3180.0,3180.0,0.07302711
3181.0,3181.0,0.060295906
3182.0,3182.0,0.00436502
3183.0,3183.0,0.005912122
3184.0,3184.0,0.007453619
3185.0,3185.0,0.4106623
3186.0,3186.0,0.022534745
3187.0,3187.0,0.0026803564
3188.0,3188.0,0.0673896
3189.0,3189.0,0.32753906
3190.0,3190.0,0.09588613
3191.0,3191.0,0.01482969
3192.0,3192.0,0.37110302
3193.0,3193.0,0.00387576
3194.0,3194.0,0.00973202
3195.0,3195.0,0.46037534
3196.0,3196.0,0.013500136
3197.0,3197.0,0.06634668
3198.0,3198.0,0.05804411
3199.0,3199.0,0.0027273642
3200.0,3200.0,0.044262428
3201.0,3201.0,0.03960794
3202.0,3202.0,0.5025161
3203.0,3203.0,0.37536702
3204.0,3204.0,0.61955804
3205.0,3205.0,0.003949566
3206.0,3206.0,0.010044091
3207.0,3207.0,0.3267068
3208.0,3208.0,0.11087796
3209.0,3209.0,0.08642674
3210.0,3210.0,0.03473436
3211.0,3211.0,0.016148426
3212.0,3212.0,0.23066077
3213.0,3213.0,0.012794373
3214.0,3214.0,0.0070105772
3215.0,3215.0,0.121144
3216.0,3216.0,0.18775865
3217.0,3217.0,0.024910158
3218.0,3218.0,0.15405904
3219.0,3219.0,0.021444011
3220.0,3220.0,0.07601841
3221.0,3221.0,0.070259765
3222.0,3222.0,0.33026934
3223.0,3223.0,0.034136742
3224.0,3224.0,0.23690383
3225.0,3225.0,4.0967563E-5
3226.0,3226.0,0.25715503
3227.0,3227.0,0.029811932
3228.0,3228.0,0.010555444
3229.0,3229.0,0.0060044606
3230.0,3230.0,0.027491964
3231.0,3231.0,1.3078976E-4
3232.0,3232.0,0.6151697
3233.0,3233.0,0.007515004
3234.0,3234.0,0.0363743
3235.0,3235.0,0.36646968
3236.0,3236.0,0.44354853
3237.0,3237.0,0.3139521
3238.0,3238.0,0.114264645
3239.0,3239.0,0.018056042
3240.0,3240.0,0.22681326
3241.0,3241.0,8.609525E-4
3242.0,3242.0,0.46928504
3243.0,3243.0,0.21377619
3244.0,3244.0,0.11830624
3245.0,3245.0,0.04910569
3246.0,3246.0,0.3439917
3247.0,3247.0,0.024529636
3248.0,3248.0,0.0030013109
3249.0,3249.0,5.4175366E-4
3250.0,3250.0,0.010328048
3251.0,3251.0,0.07274687
3252.0,3252.0,0.009908601
3253.0,3253.0,0.023896085
3254.0,3254.0,0.3390368
3255.0,3255.0,0.030059848
3256.0,3256.0,0.072631
3257.0,3257.0,0.07956027
3258.0,3258.0,0.058096424
3259.0,3259.0,0.13742259
3260.0,3260.0,0.002830067
3261.0,3261.0,0.42036855
3262.0,3262.0,2.499721E-4
3263.0,3263.0,0.29037014
3264.0,3264.0,0.0132438475
3265.0,3265.0,0.24867585
3266.0,3266.0,0.100999564
3267.0,3267.0,0.39340156
3268.0,3268.0,0.005188261
3269.0,3269.0,0.13887468
3270.0,3270.0,0.016946472
3271.0,3271.0,6.5848826E-6
3272.0,3272.0,0.39074272
3273.0,3273.0,0.4848938
3274.0,3274.0,0.20976223
3275.0,3275.0,0.43278104
3276.0,3276.0,0.4212127
3277.0,3277.0,0.5070116
3278.0,3278.0,0.48902357
3279.0,3279.0,0.0037128488
3280.0,3280.0,0.012565449
3281.0,3281.0,0.43458486
3282.0,3282.0,0.044952948
3283.0,3283.0,0.050568808
3284.0,3284.0,0.27750596
3285.0,3285.0,0.04296135
3286.0,3286.0,0.26926696
3287.0,3287.0,0.41037682
3288.0,3288.0,0.0014187127
3289.0,3289.0,0.008549933
3290.0,3290.0,0.047702555
3291.0,3291.0,0.16372187
3292.0,3292.0,0.65687394
3293.0,3293.0,0.06647837
3294.0,3294.0,0.0056671384
3295.0,3295.0,0.74864703
3296.0,3296.0,0.08072472
3297.0,3297.0,0.010108263
3298.0,3298.0,0.16747558
3299.0,3299.0,0.0061973957
3300.0,3300.0,0.20714194
3301.0,3301.0,0.17620255
3302.0,3302.0,0.02421088
3303.0,3303.0,0.04308638
3304.0,3304.0,0.37912166
3305.0,3305.0,0.3156709
3306.0,3306.0,0.0036744827
3307.0,3307.0,0.28640252
3308.0,3308.0,0.0014375374
3309.0,3309.0,0.22254123
3310.0,3310.0,8.9939014E-4
3311.0,3311.0,0.005396938
3312.0,3312.0,0.13042676
3313.0,3313.0,0.011172105
3314.0,3314.0,0.061808787
3315.0,3315.0,0.006060152
3316.0,3316.0,0.15608267
3317.0,3317.0,0.07869092
3318.0,3318.0,0.16535667
3319.0,3319.0,0.016943512
3320.0,3320.0,0.45915565
3321.0,3321.0,0.09980693
3322.0,3322.0,0.0058812005
3323.0,3323.0,0.0041604624
3324.0,3324.0,0.11686697
3325.0,3325.0,0.26704922
3326.0,3326.0,0.17860258
3327.0,3327.0,0.62132853
3328.0,3328.0,0.32442397
3329.0,3329.0,0.5979293
3330.0,3330.0,0.05493009
3331.0,3331.0,0.02849257
3332.0,3332.0,0.32518572
3333.0,3333.0,0.39746588
3334.0,3334.0,0.07911645
3335.0,3335.0,6.2453444E-4
3336.0,3336.0,0.031073343
3337.0,3337.0,0.043091603
3338.0,3338.0,0.00343918
3339.0,3339.0,0.026155489
3340.0,3340.0,0.011414762
3341.0,3341.0,0.07262213
3342.0,3342.0,0.0019897383
3343.0,3343.0,0.0018484218
3344.0,3344.0,0.006600967
3345.0,3345.0,0.007424673
3346.0,3346.0,0.1550394
3347.0,3347.0,0.037513062
3348.0,3348.0,0.6866183
3349.0,3349.0,0.0022062291
3350.0,3350.0,0.24471538
3351.0,3351.0,0.028456312
3352.0,3352.0,0.015309791
3353.0,3353.0,0.0245462
3354.0,3354.0,0.088112496
3355.0,3355.0,0.26147032
3356.0,3356.0,0.03291321
3357.0,3357.0,0.44852397
3358.0,3358.0,0.67725515
3359.0,3359.0,0.2747878
3360.0,3360.0,0.005764138
3361.0,3361.0,0.232185
3362.0,3362.0,8.7541435E-4
3363.0,3363.0,0.008670513
3364.0,3364.0,0.07022282
3365.0,3365.0,0.085303076
3366.0,3366.0,0.003264168
3367.0,3367.0,0.0062231645
3368.0,3368.0,0.03573449
3369.0,3369.0,0.042437524
3370.0,3370.0,0.1547748
3371.0,3371.0,0.0071888682
3372.0,3372.0,0.052559048
3373.0,3373.0,0.16238582
3374.0,3374.0,0.28690362
3375.0,3375.0,0.23035362
3376.0,3376.0,0.053869028
3377.0,3377.0,0.009793572
3378.0,3378.0,0.016547523
3379.0,3379.0,0.19562079
3380.0,3380.0,0.030424133
3381.0,3381.0,0.0027450197
3382.0,3382.0,0.16530845
3383.0,3383.0,0.653312
3384.0,3384.0,0.055470318
3385.0,3385.0,0.025661374
3386.0,3386.0,0.0030175857
3387.0,3387.0,0.6698933
3388.0,3388.0,0.2142145
3389.0,3389.0,8.6915345E-5
3390.0,3390.0,0.044258155
3391.0,3391.0,0.24480242
3392.0,3392.0,0.036323622
3393.0,3393.0,0.23834118
3394.0,3394.0,0.017865492
3395.0,3395.0,0.03878806
3396.0,3396.0,0.09237648
3397.0,3397.0,0.008165349
3398.0,3398.0,0.123076044
3399.0,3399.0,0.3817562
3400.0,3400.0,0.19726457
3401.0,3401.0,0.03839901
3402.0,3402.0,0.009683821
3403.0,3403.0,0.032723274
3404.0,3404.0,0.5967374
3405.0,3405.0,0.0036062498
3406.0,3406.0,0.0038768183
3407.0,3407.0,0.42792007
3408.0,3408.0,0.09612306
3409.0,3409.0,0.10498226
3410.0,3410.0,0.19237117
3411.0,3411.0,0.33771864
3412.0,3412.0,0.2886249
3413.0,3413.0,0.2177923
3414.0,3414.0,0.28800294
3415.0,3415.0,0.15791234
3416.0,3416.0,0.0063744397
3417.0,3417.0,0.07281112
3418.0,3418.0,0.078125365
3419.0,3419.0,0.3173959
3420.0,3420.0,0.472976
3421.0,3421.0,0.014419917
3422.0,3422.0,0.11933121
3423.0,3423.0,0.43114772
3424.0,3424.0,0.084558524
3425.0,3425.0,8.7963394E-4
3426.0,3426.0,0.4665945
3427.0,3427.0,0.0042547686
3428.0,3428.0,0.007077823
3429.0,3429.0,0.012376876
3430.0,3430.0,0.0040748143
3431.0,3431.0,0.50090915
3432.0,3432.0,0.0076000136
3433.0,3433.0,0.021851972
3434.0,3434.0,0.048562847
3435.0,3435.0,0.035906993
3436.0,3436.0,0.019019052
3437.0,3437.0,0.025096314
3438.0,3438.0,0.28175852
3439.0,3439.0,0.0077751735
3440.0,3440.0,0.016010143
3441.0,3441.0,0.0046068095
3442.0,3442.0,0.011454788
3443.0,3443.0,0.21497461
3444.0,3444.0,0.002516268
3445.0,3445.0,0.3689018
3446.0,3446.0,0.5232021
3447.0,3447.0,0.18102214
3448.0,3448.0,0.16207148
3449.0,3449.0,0.012021616
3450.0,3450.0,0.0012698323
3451.0,3451.0,0.18932642
3452.0,3452.0,0.0058908397
3453.0,3453.0,0.006678868
3454.0,3454.0,0.0041893306
3455.0,3455.0,0.41987297
3456.0,3456.0,0.0036999767
3457.0,3457.0,0.020830506
3458.0,3458.0,0.048479557
3459.0,3459.0,0.00809541
3460.0,3460.0,0.016274007
3461.0,3461.0,0.007627077
3462.0,3462.0,0.15375596
3463.0,3463.0,0.05525761
3464.0,3464.0,0.021509126
3465.0,3465.0,0.02114002
3466.0,3466.0,0.008852448
3467.0,3467.0,0.31461346
3468.0,3468.0,0.31795514
3469.0,3469.0,0.24493164
3470.0,3470.0,0.17631033
3471.0,3471.0,0.005509147
3472.0,3472.0,0.050056923
3473.0,3473.0,0.05012459
3474.0,3474.0,7.4876245E-4
3475.0,3475.0,0.18165326
3476.0,3476.0,0.11988501
3477.0,3477.0,0.023496497
3478.0,3478.0,0.005357546
3479.0,3479.0,0.21695355
3480.0,3480.0,0.011487256
3481.0,3481.0,0.07073735
3482.0,3482.0,0.02332348
3483.0,3483.0,0.08740417
3484.0,3484.0,0.113895096
3485.0,3485.0,0.012876837
3486.0,3486.0,0.6234593
3487.0,3487.0,0.01860269
3488.0,3488.0,0.08512392
3489.0,3489.0,0.21941835
3490.0,3490.0,0.07307402
3491.0,3491.0,0.0061754007
3492.0,3492.0,0.24994498
3493.0,3493.0,8.6335676E-5
3494.0,3494.0,9.948583E-4
3495.0,3495.0,0.4779987
3496.0,3496.0,0.03567511
3497.0,3497.0,0.26796794
3498.0,3498.0,0.77788377
3499.0,3499.0,0.048558757
3500.0,3500.0,0.01891577
3501.0,3501.0,0.04202793
3502.0,3502.0,0.008435936
3503.0,3503.0,0.05064827
3504.0,3504.0,0.14846618
3505.0,3505.0,0.0021745772
3506.0,3506.0,0.20422223
3507.0,3507.0,0.034002256
3508.0,3508.0,0.034432333
3509.0,3509.0,0.028216217
3510.0,3510.0,0.023115328
3511.0,3511.0,0.054645766
3512.0,3512.0,0.41445303
3513.0,3513.0,0.054002073
3514.0,3514.0,0.22774099
3515.0,3515.0,5.383673E-4
3516.0,3516.0,1.1474061E-4
3517.0,3517.0,0.076347746
3518.0,3518.0,0.39025974
3519.0,3519.0,0.48793268
3520.0,3520.0,0.0810395
3521.0,3521.0,0.11686729
3522.0,3522.0,0.62855357
3523.0,3523.0,0.001742395
3524.0,3524.0,0.28789404
3525.0,3525.0,0.005897233
3526.0,3526.0,0.013344058
3527.0,3527.0,6.8513805E-4
3528.0,3528.0,0.042252876
3529.0,3529.0,0.061188575
3530.0,3530.0,0.27396584
3531.0,3531.0,0.208458
3532.0,3532.0,0.058289092
3533.0,3533.0,5.9480144E-4
3534.0,3534.0,0.07987607
3535.0,3535.0,0.3597999
3536.0,3536.0,0.006482556
3537.0,3537.0,0.08836196
3538.0,3538.0,0.030477187
3539.0,3539.0,0.0017697747
3540.0,3540.0,0.0970939
3541.0,3541.0,0.06395838
3542.0,3542.0,0.052068558
3543.0,3543.0,0.013728406
3544.0,3544.0,0.0030482875
3545.0,3545.0,0.3133805
3546.0,3546.0,0.0014267088
3547.0,3547.0,0.008326401
3548.0,3548.0,0.1691041
3549.0,3549.0,0.05590333
3550.0,3550.0,0.0060189953
3551.0,3551.0,0.0439751
3552.0,3552.0,0.20872472
3553.0,3553.0,0.053928383
3554.0,3554.0,0.03713268
3555.0,3555.0,0.19959824
3556.0,3556.0,0.0058185835
3557.0,3557.0,0.036091797
3558.0,3558.0,0.021697778
3559.0,3559.0,0.02868545
3560.0,3560.0,0.22596465
3561.0,3561.0,0.10187681
3562.0,3562.0,0.6466422
3563.0,3563.0,0.7640566
3564.0,3564.0,0.400958
3565.0,3565.0,0.3407376
3566.0,3566.0,0.0036252863
3567.0,3567.0,0.027824242
3568.0,3568.0,0.0073882234
3569.0,3569.0,0.19875269
3570.0,3570.0,0.38691485
3571.0,3571.0,0.054568905
3572.0,3572.0,0.44350368
3573.0,3573.0,0.015956465
3574.0,3574.0,0.28371167
3575.0,3575.0,0.0075586
3576.0,3576.0,7.174512E-4
3577.0,3577.0,0.0034832607
3578.0,3578.0,0.026321929
3579.0,3579.0,0.530426
3580.0,3580.0,0.7101454
3581.0,3581.0,0.07077346
3582.0,3582.0,0.23360327
3583.0,3583.0,0.050006445
3584.0,3584.0,0.04676174
3585.0,3585.0,0.21289414
3586.0,3586.0,0.14376241
3587.0,3587.0,0.53682035
3588.0,3588.0,0.18214904
3589.0,3589.0,0.08851787
3590.0,3590.0,0.029406562
3591.0,3591.0,0.46749535
3592.0,3592.0,0.004816497
3593.0,3593.0,0.0048006917
3594.0,3594.0,0.010217345
3595.0,3595.0,0.07341914
3596.0,3596.0,0.043078657
3597.0,3597.0,0.06927126
3598.0,3598.0,0.17242245
3599.0,3599.0,0.0045571085
3600.0,3600.0,0.65160894
3601.0,3601.0,0.01749844
3602.0,3602.0,0.31290552
3603.0,3603.0,0.18967132
3604.0,3604.0,0.5090718
3605.0,3605.0,0.4828745
3606.0,3606.0,9.73028E-4
3607.0,3607.0,9.359923E-5
3608.0,3608.0,0.018998597
3609.0,3609.0,0.14916897
3610.0,3610.0,0.045610357
3611.0,3611.0,0.025042959
3612.0,3612.0,0.023618778
3613.0,3613.0,0.2454428
3614.0,3614.0,0.42487368
3615.0,3615.0,0.01596377
3616.0,3616.0,0.30566725
3617.0,3617.0,0.044471603
3618.0,3618.0,0.061918017
3619.0,3619.0,0.34101555
3620.0,3620.0,0.19408806
3621.0,3621.0,0.12051533
3622.0,3622.0,0.3381883
3623.0,3623.0,0.32350582
3624.0,3624.0,0.2351922
3625.0,3625.0,0.51443934
3626.0,3626.0,0.013298712
3627.0,3627.0,0.02761151
3628.0,3628.0,0.23989594
3629.0,3629.0,0.032859754
3630.0,3630.0,0.11437882
3631.0,3631.0,0.23768663
3632.0,3632.0,0.08414925
3633.0,3633.0,0.04090763
3634.0,3634.0,0.2242587
3635.0,3635.0,9.334393E-5
3636.0,3636.0,0.26073444
3637.0,3637.0,0.0063161324
3638.0,3638.0,0.27671418
3639.0,3639.0,0.11679015
3640.0,3640.0,0.11736596
3641.0,3641.0,0.006440012
3642.0,3642.0,0.3951251
3643.0,3643.0,0.43497005
3644.0,3644.0,0.10976429
3645.0,3645.0,0.012127975
3646.0,3646.0,0.60232407
3647.0,3647.0,0.2583925
3648.0,3648.0,0.0065359985
3649.0,3649.0,0.21396115
3650.0,3650.0,0.025659122
3651.0,3651.0,0.02099025
3652.0,3652.0,0.041445184
3653.0,3653.0,0.056254536
3654.0,3654.0,0.012455406
3655.0,3655.0,0.09057652
3656.0,3656.0,0.057203718
3657.0,3657.0,0.031406656
3658.0,3658.0,0.023584872
3659.0,3659.0,0.33041036
3660.0,3660.0,0.0017431093
3661.0,3661.0,5.173839E-4
3662.0,3662.0,0.32112175
3663.0,3663.0,0.14407298
3664.0,3664.0,6.968438E-4
3665.0,3665.0,0.21757919
3666.0,3666.0,0.010837768
3667.0,3667.0,0.174037
3668.0,3668.0,0.39504522
3669.0,3669.0,0.10729525
3670.0,3670.0,0.61633515
3671.0,3671.0,0.40664735
3672.0,3672.0,0.012879362
3673.0,3673.0,0.20613258
3674.0,3674.0,0.23332661
3675.0,3675.0,0.024340577
3676.0,3676.0,0.08243231
3677.0,3677.0,0.049812492
3678.0,3678.0,0.14722474
3679.0,3679.0,0.0051323795
3680.0,3680.0,0.6982988
3681.0,3681.0,0.05545475
3682.0,3682.0,0.06534876
3683.0,3683.0,0.4051013
3684.0,3684.0,0.028915243
3685.0,3685.0,0.4649217
3686.0,3686.0,6.7459577E-4
3687.0,3687.0,0.01794536
3688.0,3688.0,0.0040461025
3689.0,3689.0,8.359343E-4
3690.0,3690.0,0.025970561
3691.0,3691.0,0.059813906
3692.0,3692.0,0.119829476
3693.0,3693.0,0.006020124
3694.0,3694.0,0.21156615
3695.0,3695.0,0.014348026
3696.0,3696.0,0.010554923
3697.0,3697.0,0.010308264
3698.0,3698.0,0.17943166
3699.0,3699.0,0.07759561
3700.0,3700.0,0.0137537625
3701.0,3701.0,0.30917862
3702.0,3702.0,0.22597551
3703.0,3703.0,0.1776068
3704.0,3704.0,0.44346702
3705.0,3705.0,0.11824054
3706.0,3706.0,0.011710856
3707.0,3707.0,0.15676823
3708.0,3708.0,0.15629202
3709.0,3709.0,0.002060205
3710.0,3710.0,0.011203874
3711.0,3711.0,0.29368064
3712.0,3712.0,0.0060112514
3713.0,3713.0,0.023692792
3714.0,3714.0,0.050344516
3715.0,3715.0,0.060240548
3716.0,3716.0,0.6400187
3717.0,3717.0,0.5508285
3718.0,3718.0,0.08139237
3719.0,3719.0,0.29545495
3720.0,3720.0,0.040825013
3721.0,3721.0,0.016262045
3722.0,3722.0,0.14736055
3723.0,3723.0,0.1561093
3724.0,3724.0,0.012076134
3725.0,3725.0,0.008340856
3726.0,3726.0,0.05535368
3727.0,3727.0,0.05602595
3728.0,3728.0,0.10113954
3729.0,3729.0,0.05323747
3730.0,3730.0,0.06744001
3731.0,3731.0,0.73077136
3732.0,3732.0,0.12650144
3733.0,3733.0,0.055664897
3734.0,3734.0,0.012379042
3735.0,3735.0,0.4497643
3736.0,3736.0,0.6601173
3737.0,3737.0,0.0027276946
3738.0,3738.0,0.0013663853
3739.0,3739.0,0.009302166
3740.0,3740.0,0.20994805
3741.0,3741.0,0.2643561
3742.0,3742.0,0.31817782
3743.0,3743.0,9.954862E-4
3744.0,3744.0,4.3341748E-5
3745.0,3745.0,0.3676533
3746.0,3746.0,0.12847868
3747.0,3747.0,0.25844848
3748.0,3748.0,6.365635E-4
3749.0,3749.0,0.007057572
3750.0,3750.0,7.2189537E-4
3751.0,3751.0,0.046603598
3752.0,3752.0,1.9694363E-4
3753.0,3753.0,0.4906968
3754.0,3754.0,0.007643804
3755.0,3755.0,0.023677705
3756.0,3756.0,0.0341622
3757.0,3757.0,0.03124582
3758.0,3758.0,0.3087279
3759.0,3759.0,0.25641412
3760.0,3760.0,7.034812E-4
3761.0,3761.0,0.07584524
3762.0,3762.0,0.012738998
3763.0,3763.0,0.18403728
3764.0,3764.0,0.19440933
3765.0,3765.0,0.20142709
3766.0,3766.0,0.039351925
3767.0,3767.0,7.6984975E-4
3768.0,3768.0,0.0068854257
3769.0,3769.0,0.005831177
3770.0,3770.0,0.17449147
3771.0,3771.0,0.0025926605
3772.0,3772.0,0.022602908
3773.0,3773.0,7.448198E-5
3774.0,3774.0,7.539412E-4
3775.0,3775.0,0.06367111
3776.0,3776.0,0.03638368
3777.0,3777.0,0.14778095
3778.0,3778.0,0.05236667
3779.0,3779.0,0.60875916
3780.0,3780.0,0.08998146
3781.0,3781.0,0.027238673
3782.0,3782.0,0.06470275
3783.0,3783.0,0.0045770183
3784.0,3784.0,0.0041459072
3785.0,3785.0,0.1870718
3786.0,3786.0,0.14163578
3787.0,3787.0,0.021638779
3788.0,3788.0,0.42528626
3789.0,3789.0,0.28364837
3790.0,3790.0,0.06759381
3791.0,3791.0,0.018731918
3792.0,3792.0,0.14916053
3793.0,3793.0,0.0010332782
3794.0,3794.0,0.3209631
3795.0,3795.0,0.010696139
3796.0,3796.0,0.019067818
3797.0,3797.0,0.0251851
3798.0,3798.0,0.19235204
3799.0,3799.0,0.004058641
3800.0,3800.0,1.0600761E-5
3801.0,3801.0,0.018015314
3802.0,3802.0,0.043819223
3803.0,3803.0,0.0067951535
3804.0,3804.0,0.5302592
3805.0,3805.0,0.08015634
3806.0,3806.0,0.1906111
3807.0,3807.0,0.02006218
3808.0,3808.0,7.520405E-4
3809.0,3809.0,0.064774655
3810.0,3810.0,0.18265007
3811.0,3811.0,0.008664435
3812.0,3812.0,0.027100537
3813.0,3813.0,0.012636166
3814.0,3814.0,0.1620601
3815.0,3815.0,0.4464732
3816.0,3816.0,0.4596057
3817.0,3817.0,0.11552648
3818.0,3818.0,0.008747306
3819.0,3819.0,4.1910567E-4
3820.0,3820.0,6.950013E-4
3821.0,3821.0,0.76543105
3822.0,3822.0,0.035740785
3823.0,3823.0,0.50679773
3824.0,3824.0,0.09018067
3825.0,3825.0,0.06185943
3826.0,3826.0,0.5906131
3827.0,3827.0,0.00765365
3828.0,3828.0,0.3857668
3829.0,3829.0,0.011969059
3830.0,3830.0,0.2426376
3831.0,3831.0,0.41474864
3832.0,3832.0,0.68008
3833.0,3833.0,0.064231075
3834.0,3834.0,0.08466889
3835.0,3835.0,0.26612377
3836.0,3836.0,0.012767287
3837.0,3837.0,4.563347E-4
3838.0,3838.0,0.004677256
3839.0,3839.0,0.1606789
3840.0,3840.0,0.043427322
3841.0,3841.0,0.30231634
3842.0,3842.0,0.19096489
3843.0,3843.0,0.15762809
3844.0,3844.0,0.007030512
3845.0,3845.0,0.13601384
3846.0,3846.0,0.00131541
3847.0,3847.0,0.049476936
3848.0,3848.0,0.17657578
3849.0,3849.0,0.0050992453
3850.0,3850.0,0.04292238
3851.0,3851.0,0.46213534
3852.0,3852.0,0.027312588
3853.0,3853.0,0.0014845295
3854.0,3854.0,0.11449804
3855.0,3855.0,0.39804426
3856.0,3856.0,0.00588266
3857.0,3857.0,0.060092192
3858.0,3858.0,0.5363212
3859.0,3859.0,0.11485498
3860.0,3860.0,0.7369396
3861.0,3861.0,0.036865782
3862.0,3862.0,0.046252705
3863.0,3863.0,0.17319918
3864.0,3864.0,0.30204108
3865.0,3865.0,0.20445128
3866.0,3866.0,0.1188383
3867.0,3867.0,0.004450167
3868.0,3868.0,0.63150847
3869.0,3869.0,0.11552832
3870.0,3870.0,0.0029519752
3871.0,3871.0,0.076690845
3872.0,3872.0,0.32809478
3873.0,3873.0,0.045110278
3874.0,3874.0,0.43236512
3875.0,3875.0,0.021415194
3876.0,3876.0,0.43066204
3877.0,3877.0,0.15541126
3878.0,3878.0,0.020456698
3879.0,3879.0,7.448802E-4
3880.0,3880.0,0.11519436
3881.0,3881.0,0.2558394
3882.0,3882.0,0.10264057
3883.0,3883.0,0.018977173
3884.0,3884.0,0.061934397
3885.0,3885.0,4.875097E-4
3886.0,3886.0,0.04373192
3887.0,3887.0,0.39640662
3888.0,3888.0,9.363434E-5
3889.0,3889.0,0.01597196
3890.0,3890.0,0.066463575
3891.0,3891.0,0.12387346
3892.0,3892.0,0.19912316
3893.0,3893.0,0.046433903
3894.0,3894.0,0.119251184
3895.0,3895.0,0.10352617
3896.0,3896.0,0.047014184
3897.0,3897.0,0.041401614
3898.0,3898.0,0.005588688
3899.0,3899.0,0.08065105
3900.0,3900.0,0.008775326
3901.0,3901.0,9.785279E-5
3902.0,3902.0,0.62961197
3903.0,3903.0,4.056247E-5
3904.0,3904.0,0.06492356
3905.0,3905.0,0.20627235
3906.0,3906.0,0.0068694027
3907.0,3907.0,0.38582045
3908.0,3908.0,0.018219737
3909.0,3909.0,0.07050067
3910.0,3910.0,0.6015952
3911.0,3911.0,0.024472944
3912.0,3912.0,0.1066784
3913.0,3913.0,0.13434877
3914.0,3914.0,0.011961224
3915.0,3915.0,0.38999724
3916.0,3916.0,0.17187001
3917.0,3917.0,0.00870191
3918.0,3918.0,0.0041925446
3919.0,3919.0,0.024685206
3920.0,3920.0,0.0049758754
3921.0,3921.0,0.7838363
3922.0,3922.0,2.5978772E-4
3923.0,3923.0,0.35255486
3924.0,3924.0,0.066106424
3925.0,3925.0,0.020537278
3926.0,3926.0,6.764594E-4
3927.0,3927.0,0.33388034
3928.0,3928.0,0.016471062
3929.0,3929.0,0.0046709585
3930.0,3930.0,0.0033187629
3931.0,3931.0,0.0064062797
3932.0,3932.0,0.07919835
3933.0,3933.0,0.4159339
3934.0,3934.0,0.14041112
3935.0,3935.0,0.11324042
3936.0,3936.0,0.011372726
3937.0,3937.0,1.244805E-4
3938.0,3938.0,0.017174836
3939.0,3939.0,0.06254742
3940.0,3940.0,0.12874752
3941.0,3941.0,0.11966423
3942.0,3942.0,0.18487172
3943.0,3943.0,0.38190156
3944.0,3944.0,0.031683423
3945.0,3945.0,1.4888916E-5
3946.0,3946.0,0.1559905
3947.0,3947.0,0.06142911
3948.0,3948.0,0.45558792
3949.0,3949.0,0.26784846
3950.0,3950.0,0.12647979
3951.0,3951.0,0.24631001
3952.0,3952.0,0.007737075
3953.0,3953.0,2.1148253E-4
3954.0,3954.0,0.004433666
3955.0,3955.0,0.021712217
3956.0,3956.0,0.019374859
3957.0,3957.0,0.12718813
3958.0,3958.0,0.025680972
3959.0,3959.0,0.009221276
3960.0,3960.0,0.15992199
3961.0,3961.0,0.023706231
3962.0,3962.0,0.009754144
3963.0,3963.0,6.258031E-4
3964.0,3964.0,0.089677915
3965.0,3965.0,0.32996646
3966.0,3966.0,0.020388706
3967.0,3967.0,0.18036462
3968.0,3968.0,0.07367443
3969.0,3969.0,0.5230227
3970.0,3970.0,0.42641678
3971.0,3971.0,0.0069860667
3972.0,3972.0,0.045813125
3973.0,3973.0,0.023122132
3974.0,3974.0,0.014854989
3975.0,3975.0,0.049834233
3976.0,3976.0,0.021205742
3977.0,3977.0,0.02057519
3978.0,3978.0,0.009568133
3979.0,3979.0,0.24507722
3980.0,3980.0,0.72496545
3981.0,3981.0,0.3173742
3982.0,3982.0,6.146112E-4
3983.0,3983.0,0.0025704703
3984.0,3984.0,0.23359706
3985.0,3985.0,0.01343708
3986.0,3986.0,0.026081106
3987.0,3987.0,0.17820261
3988.0,3988.0,0.01332484
3989.0,3989.0,0.1852412
3990.0,3990.0,0.751364
3991.0,3991.0,0.14002872
3992.0,3992.0,0.023000646
3993.0,3993.0,0.20820636
3994.0,3994.0,5.0788083E-5
3995.0,3995.0,0.32604295
3996.0,3996.0,0.40880182
3997.0,3997.0,0.709546
3998.0,3998.0,0.39170337
3999.0,3999.0,0.21821256
4000.0,4000.0,0.0028665804
4001.0,4001.0,0.004147439
4002.0,4002.0,0.20301545
4003.0,4003.0,0.1907723
4004.0,4004.0,0.0868298
4005.0,4005.0,0.53553826
4006.0,4006.0,0.031182405
4007.0,4007.0,0.041847292
4008.0,4008.0,0.53699744
4009.0,4009.0,0.19662902
4010.0,4010.0,0.026205827
4011.0,4011.0,0.066057995
4012.0,4012.0,0.37674236
4013.0,4013.0,0.064405724
4014.0,4014.0,0.3153088
4015.0,4015.0,0.008408718
4016.0,4016.0,1.2281238E-5
4017.0,4017.0,0.65217394
4018.0,4018.0,0.7370437
4019.0,4019.0,0.23233722
4020.0,4020.0,0.010753729
4021.0,4021.0,0.08387548
4022.0,4022.0,0.08551897
4023.0,4023.0,0.15396981
4024.0,4024.0,0.06379552
4025.0,4025.0,0.024219632
4026.0,4026.0,0.04917306
4027.0,4027.0,4.2174295E-5
4028.0,4028.0,0.059924264
4029.0,4029.0,0.044894993
4030.0,4030.0,0.035079878
4031.0,4031.0,0.10117716
4032.0,4032.0,0.4094707
4033.0,4033.0,0.10446674
4034.0,4034.0,0.16353878
4035.0,4035.0,0.0979938
4036.0,4036.0,0.04914692
4037.0,4037.0,0.03511868
4038.0,4038.0,0.028745014
4039.0,4039.0,0.02606891
4040.0,4040.0,0.083833635
4041.0,4041.0,0.044688046
4042.0,4042.0,0.03942848
4043.0,4043.0,0.008486075
4044.0,4044.0,0.51498574
4045.0,4045.0,0.04315233
4046.0,4046.0,0.039882943
4047.0,4047.0,0.1112775
4048.0,4048.0,0.14474997
4049.0,4049.0,0.18288201
4050.0,4050.0,0.03540638
4051.0,4051.0,0.0050539286
4052.0,4052.0,0.046795703
4053.0,4053.0,0.014347054
4054.0,4054.0,0.01808999
4055.0,4055.0,0.006297321
4056.0,4056.0,0.021062901
4057.0,4057.0,0.13366005
4058.0,4058.0,0.33143103
4059.0,4059.0,0.249703
4060.0,4060.0,0.078107655
4061.0,4061.0,0.04512418
4062.0,4062.0,0.036040526
4063.0,4063.0,0.02001327
4064.0,4064.0,0.012370582
4065.0,4065.0,0.031571914
4066.0,4066.0,0.018006528
4067.0,4067.0,0.2391484
4068.0,4068.0,0.101718195
4069.0,4069.0,0.029063128
4070.0,4070.0,0.045130543
4071.0,4071.0,0.07552623
4072.0,4072.0,0.027702114
4073.0,4073.0,0.005198742
4074.0,4074.0,0.0035813216
4075.0,4075.0,1.7400587E-4
4076.0,4076.0,0.16087826
4077.0,4077.0,0.0029837936
4078.0,4078.0,0.004751675
4079.0,4079.0,0.022220284
4080.0,4080.0,0.10289919
4081.0,4081.0,0.21529569
4082.0,4082.0,0.22737436
4083.0,4083.0,0.016647978
4084.0,4084.0,0.11405419
4085.0,4085.0,0.2801742
4086.0,4086.0,0.009998185
4087.0,4087.0,0.01783387
4088.0,4088.0,0.5113081
4089.0,4089.0,0.01812893
4090.0,4090.0,0.017305454
4091.0,4091.0,0.009080413
4092.0,4092.0,0.3228293
